40 40
16 16
23 13
9 11
8 0
32 11
18 23
12 8
2 26
20 20
20 3
15 28
5 20
3 30
1 16
9 20
5 16
0 17
20 21
34 8
6 17
19 33
25 26
8 20
28 23
5 29
12 34
21 26
18 8
0 27
4 19
27 12
13 10
21 31
12 9
33 12
21 11
22 20
15 3
23 18
20 2
28 32
17 2
4 25
29 11
30 30
14 14
7 23
22 26
23 1
34 8
31 19
19 1
29 32
11 21
8 23
30 16
29 31
17 11
13 14
10 13
2 8
14 0
34 6
33 7
14 5
21 4
30 7
13 3
4 4
29 16
21 15
27 3
7 13
29 32
8 32
20 13
29 12
30 24
34 21
24 22
9 34
4 33
7 10
1 20
10 5
10 10
12 5
10 21
4 1
12 13
27 17
21 29
21 23
1 17
33 6
33 15
26 22
18 17
26 28
12 0
11 18
19 29
34 14
31 26
6 0
24 6
4 19
21 2
16 26
6 30
27 20
4 29
26 14
15 5
14 30
34 25
30 19
4 12
4 20
24 15
18 2
14 15
28 19
30 4
4 4
24 33
28 29
23 17
1 34
31 34
7 34
11 17
22 28
14 30
21 26
13 7
10 1
8 21
8 24
12 26
30 25
20 34
3 8
13 12
26 30
0 14
33 28
16 30
2 17
23 2
34 5
6 26
23 23
6 16
19 14
24 2
21 11
9 4
28 29
22 24
16 2
1 11
4 18
21 30
22 4
15 3
31 5
6 5
5 23
23 34
2 10
10 10
27 12
20 16
19 17
8 25
1 8
5 7
22 25
26 24
8 12
30 9
30 33
1 7
3 22
32 12
8 16
16 5
30 14
14 3
3 24
27 1
32 0
5 14
23 15
34 6
19 29
22 3
32 21
34 11
0 7
29 4
0 9
17 5
17 25
32 18
9 20
28 23
15 14
3 30
6 21
8 5
11 23
6 19
6 27
33 0
10 5
3 25
15 21
14 7
2 2
13 10
17 24
2 17
33 1
0 31
22 9
28 20
34 9
20 13
17 25
32 21
21 18
31 10
25 17
2 7
4 18
18 12
26 26
19 13
15 26
22 27
24 33
26 20
21 24
12 13
28 27
15 0
1 1
11 0
5 24
2 5
2 14
32 22
25 28
27 2
16 14
22 23
13 25
13 33
14 22
31 4
10 21
12 14
5 1
1 26
1 29
24 24
22 33
4 14
24 1
5 24
29 34
10 33
10 0
20 6
25 5
16 18
20 29
1 9
20 9
17 27
20 19
10 7
34 20
12 22
16 16
23 17
34 2
33 0
5 31
26 19
13 32
34 5
8 26
9 8
18 2
13 9
1 28
5 5
13 23
8 18
29 24
28 32
33 13
17 25
23 26
7 13
16 30
27 12
10 16
10 30
23 15
16 32
27 9
22 7
6 1
0 10
14 23
19 19
15 29
1 7
20 17
15 9
24 28
31 12
24 2
28 23
22 5
25 16
16 23
25 18
19 30
15 3
30 5
5 10
15 17
10 25
34 20
10 24
34 32
30 20
13 7
28 10
11 10
20 3
14 28
25 30
33 10
27 12
28 9
22 30
7 30
8 16
23 20
22 8
19 10
19 30
27 14
25 23
16 19
20 0
15 10
8 29
24 1
18 22
30 8
17 29
16 13
10 2
13 18
28 26
16 10
24 12
34 22
20 18
32 5
20 29
25 11
25 0
28 21
1 4
2 22
3 23
8 15
4 5
32 29
17 13
6 17
15 2
19 27
0 9
9 2
18 15
18 19
28 17
28 26
9 33
9 6
27 17
8 29
30 17
28 24
24 0
8 1
2 17
27 15
16 23
10 29
26 7
26 12
8 14
27 29
30 13
31 2
23 6
5 4
17 24
19 32
9 20
9 25
5 11
19 16
11 15
18 24
8 25
3 10
15 23
27 27
9 32
9 4
26 2
5 12
32 17
7 2
18 8
3 12
2 33
23 32
26 21
26 20
33 13
4 2
11 24
19 5
8 14
15 33
13 10
1 27
3 12
15 0
16 14
7 23
18 31
18 7
6 29
14 2
5 5
25 22
18 10
12 9
17 14
8 25
20 8
31 20
18 11
22 0
16 4
6 8
29 32
25 9
24 5
18 23
27 19
28 29
14 28
18 20
18 22
23 19
29 19
33 33
16 16
20 30
31 23
32 30
29 16
20 24
30 29
0 12
7 11
6 34
30 18
14 4
26 4
10 19
25 13
6 19
9 4
14 13
1 6
7 9
24 14
20 13
13 5
9 9
15 6
8 1
29 25
14 17
13 8
15 3
13 20
18 1
1 33
9 11
31 14
32 31
6 27
25 10
6 4
9 31
7 28
29 4
16 26
11 22
1 16
28 25
19 16
1 28
1 14
29 11
3 31
26 18
28 27
15 33
15 0
19 25
33 20
20 13
26 30
20 31
7 33
4 33
3 33
17 16
30 21
4 25
6 12
1 21
26 27
15 15
31 31
0 3
12 14
17 14
18 12
32 19
2 4
13 15
24 25
19 22
20 34
22 3
14 18
14 27
27 3
0 10
33 1
6 18
27 5
31 16
13 2
32 21
20 28
25 31
6 29
27 3
10 26
13 3
13 22
10 21
11 2
4 24
30 12
9 3
12 10
27 6
28 20
11 13
12 33
11 26
5 34
10 26
9 0
5 21
22 5
7 22
28 12
26 23
14 9
19 6
9 2
1 7
18 30
2 3
1 14
1 29
33 3
17 11
13 20
9 11
6 31
6 17
9 1
1 19
27 27
15 26
13 31
20 26
4 11
16 18
12 15
30 31
1 24
32 24
13 19
6 10
14 34
6 17
9 31
16 27
34 1
12 28
26 7
12 12
32 9
28 6
28 0
29 5
15 2
1 22
7 23
9 13
25 3
24 32
20 30
15 23
7 16
11 29
31 24
11 15
15 19
23 31
31 3
9 11
0 4
19 26
0 29
33 6
2 27
1 31
21 3
9 14
20 21
22 11
17 29
25 7
23 29
25 11
19 34
3 28
17 22
33 24
12 24
14 21
28 2
31 2
19 4
20 30
29 10
18 16
10 18
9 29
1 24
8 16
6 20
20 15
4 8
14 33
15 24
30 19
18 13
13 27
25 14
12 14
3 31
23 32
13 0
19 19
0 1
27 17
13 3
2 30
20 5
1 7
22 2
1 10
5 18
25 15
19 16
28 4
27 16
9 31
24 24
18 4
11 20
34 12
1 15
33 3
27 16
9 6
34 31
34 29
4 0
6 8
21 29
31 11
10 11
30 20
20 22
25 19
15 30
25 0
24 9
5 25
20 5
26 22
31 28
1 32
18 10
11 22
31 32
12 29
30 29
21 27
26 1
24 21
17 27
11 14
21 1
22 7
2 14
26 3
28 29
26 2
27 1
15 0
30 31
17 27
12 32
16 30
15 9
18 1
25 3
3 14
29 27
31 19
22 0
9 19
15 29
17 29
6 3
15 16
19 17
17 13
5 29
27 18
28 32
25 29
15 26
6 30
16 27
9 11
29 28
20 21
34 18
15 13
21 34
20 20
1 19
18 14
6 3
1 24
26 3
7 19
2 16
11 0
4 27
0 6
30 0
28 16
11 3
5 27
7 32
19 18
34 3
4 10
16 32
15 13
4 4
28 3
3 11
33 32
32 6
26 3
1 14
28 3
33 10
28 27
20 28
0 12
29 31
18 26
15 32
11 7
14 17
18 34
8 34
12 30
33 12
10 4
6 26
30 16
25 20
7 2
15 31
34 3
0 23
14 25
5 25
0 20
23 25
17 3
25 6
16 5
17 12
1 9
0 18
19 32
27 27
18 18
8 10
33 15
6 6
23 32
3 27
33 13
22 10
19 19
27 11
3 30
2 6
22 29
9 7
31 29
28 32
33 27
15 32
5 9
17 19
11 10
11 26
32 2
21 19
2 18
24 27
17 10
9 13
12 2
23 5
15 27
1 12
2 25
30 10
8 24
25 31
18 13
29 30
25 13
24 17
11 10
25 17
10 21
18 12
19 0
17 34
33 28
18 30
2 18
13 6
21 12
6 15
33 22
4 1
12 11
8 26
9 33
34 16
15 1
11 33
1 30
16 17
4 10
4 26
15 28
19 9
31 29
0 6
22 4
19 25
20 16
8 10
5 19
25 8
28 6
22 16
32 18
8 27
34 16
15 7
20 13
20 12
18 34
7 9
30 3
7 5
1 3
27 5
21 28
3 5
4 2
23 11
8 12
5 22
31 16
1 21
16 23
22 29
6 33
5 21
23 17
15 15
23 19
15 16
0 7
24 4
2 19
32 2
30 34
6 31
14 21
4 18
6 16
17 15
12 23
29 24
3 24
2 10
29 12
1 27
29 4
6 3
27 10
26 10
20 0
14 6
20 27
4 4
34 29
14 28
21 3
10 3
23 26
10 29
1 2
19 12
4 6
0 10
10 29
33 19
20 18
12 25
32 29
10 19
26 32
16 8
2 30
7 17
14 21
22 14