100 100
60 30
46 67
28 89
47 32
49 88
85 93
74 59
4 94
8 35
44 46
60 94
42 1
52 53
91 93
65 77
68 17
41 57
24 91
20 73
26 95
29 67
71 65
97 41
52 21
27 63
25 74
24 55
58 86
11 56
8 50
5 18
29 13
20 89
23 7
57 24
49 25
56 72
62 1
65 38
12 73
94 19
1 57
58 13
28 26
63 4
47 86
29 55
0 72
42 77
34 40
29 5
99 29
92 9
78 5
65 78
8 58
31 34
3 9
56 1
59 56
12 16
7 0
59 43
25 16
93 59
68 83
86 97
69 69
18 15
78 35
90 67
37 59
24 53
97 11
61 82
56 41
71 8
55 8
91 75
35 42
41 75
66 85
38 55
52 13
55 85
43 51
60 22
7 72
47 85
23 48
7 27
50 74
91 84
59 31
70 84
63 42
69 56
38 20
53 53
87 65
22 15
77 26
17 44
24 80
55 93
5 44
71 56
17 95
98 51
44 76
48 8
9 63
33 52
3 18
99 60
58 23
86 65
45 17
32 89
73 51
67 29
96 20
35 57
43 94
15 60
79 44
72 28
5 19
38 92
88 22
11 25
61 65
59 32
71 19
58 95
65 20
69 0
4 83
67 69
43 44
20 53
59 78
10 97
90 20
30 55
41 16
26 37
50 30
59 19
48 93
2 65
43 91
68 87
74 86
63 55
38 20
67 12
4 13
40 32
91 20
49 8
91 73
92 9
80 13
34 20
3 99
21 32
78 84
59 51
81 6
19 54
3 74
16 44
25 19
69 91
99 88
72 56
88 30
68 35
32 99
90 40
58 67
21 35
69 11
27 95
8 51
66 4
96 92
41 24
49 37
66 7
72 51
22 34
27 93
39 34
55 10
10 58
19 41
81 84
84 55
22 89
20 55
86 70
50 68
70 19
99 81
12 44
91 69
34 47
65 40
7 86
88 57
28 35
82 69
23 13
74 18
90 5
97 20
81 17
99 12
36 59
93 65
30 71
53 36
9 35
17 12
42 35
98 95
87 58
14 83
13 37
8 73
51 93
90 19
53 21
52 69
97 32
1 80
39 85
4 60
40 22
72 48
22 7
52 65
3 42
67 2
20 95
32 81
90 10
48 43
49 94
62 39
54 22
27 33
33 68
85 56
31 70
90 20
95 66
54 15
86 19
28 38
41 19
87 35
53 86
44 12
92 95
10 72
96 27
66 1
26 77
89 25
70 7
3 54
92 92
59 1
8 41
28 24
15 47
27 95
65 21
58 30
12 9
64 89
40 91
87 81
48 89
67 18
17 52
43 5
12 43
24 89
68 53
77 22
56 43
10 68
25 13
9 21
38 26
52 86
38 7
68 45
87 92
23 85
30 36
15 60
80 89
3 2
53 91
80 75
20 51
2 64
4 43
94 67
48 93
46 44
77 9
5 25
51 13
92 53
88 21
26 23
59 60
39 10
58 57
93 21
10 46
59 62
72 71
96 99
72 71
53 97
5 5
26 56
27 43
14 5
5 10
40 66
46 17
11 13
24 11
7 72
91 2
45 45
96 80
38 19
69 12
17 23
29 8
18 13
97 76
54 44
39 80
25 27
67 87
56 62
31 75
43 16
45 9
71 11
70 94
12 22
84 77
26 27
87 74
8 34
76 68
36 27
57 96
41 31
35 46
16 42
0 34
50 97
43 79
39 41
6 24
20 39
63 30
94 58
32 26
35 41
83 11
41 85
94 86
38 0
27 44
38 80
64 14
28 96
81 59
28 95
11 21
29 28
62 82
29 36
94 51
33 90
53 68
78 89
37 61
78 59
45 86
29 15
86 13
21 19
57 49
95 35
47 18
9 60
69 89
37 79
58 84
61 91
9 11
32 0
56 41
77 27
10 89
19 79
34 68
20 60
41 93
25 13
22 19
43 23
79 90
19 32
54 60
37 73
35 42
36 83
22 32
3 54
59 25
95 32
63 41
18 77
48 9
69 58
63 6
72 55
36 54
13 74
95 11
96 47
88 42
77 92
74 13
74 86
52 19
85 79
94 7
59 95
60 76
27 78
54 0
41 6
51 22
42 0
96 64
75 47
45 32
1 24
13 3
74 59
34 74
14 52
4 77
12 13
56 84
28 62
86 1
13 27
81 9
15 56
24 53
45 97
18 58
88 30
54 11
12 99
69 16
25 92
20 31
30 14
65 33
84 85
2 28
1 98
93 61
0 7
63 29
3 30
2 13
42 15
70 7
60 34
12 57
73 25
58 96
64 0
91 44
57 82
90 90
9 16
23 16
5 84
25 23
27 20
7 72
1 88
48 78
74 53
38 80
21 61
4 38
73 38
68 51
18 78
24 70
60 76
7 79
99 58
22 89
22 87
67 4
1 33
54 31
5 50
15 35
57 98
8 75
65 77
27 82
27 31
48 53
20 77
66 35
7 71
59 92
2 9
59 91
96 45
61 20
48 5
89 64
18 1
19 63
31 58
54 42
26 11
59 90
31 15
11 70
80 44
29 19
55 21
37 41
54 58
77 53
24 39
67 56
20 85
13 32
11 86
9 18
95 11
21 79
71 81
9 10
67 10
45 72
43 68
3 10
51 56
64 51
11 5
28 55
48 49
67 19
83 99
77 43
77 78
27 52
7 69
52 35
23 20
32 93
73 75
41 71
88 5
57 18
48 21
77 83
79 23
14 87
87 86
18 6
68 50
34 47
70 6
39 74
27 21
92 63
43 71
18 93
36 44
18 5
44 89
26 23
93 30
79 19
74 0
55 63
23 83
64 43
58 67
44 49
98 31
25 81
37 67
49 38
0 26
60 21
14 57
93 34
99 99
8 52
65 73
82 54
74 10
95 92
67 55
7 31
13 96
4 41
89 83
70 85
57 0
82 90
43 71
67 21
92 87
97 73
66 83
78 64
84 64
78 60
67 3
50 94
29 33
87 86
52 83
23 66
23 28
76 29
74 17
46 40
40 82
94 14
43 42
24 94
59 54
69 78
66 27
8 21
55 32
31 8
94 49
66 21
58 79
18 42
12 24
1 42
77 22
61 75
1 29
57 79
79 81
48 70
50 13
14 20
12 20
33 39
85 98
73 75
95 51
25 72
27 28
79 57
68 86
36 30
72 25
70 55
96 12
10 41
59 73
36 89
91 90
27 61
41 55
63 7
24 75
38 51
90 66
47 85
6 84
85 27
89 28
47 77
91 63
74 96
30 98
25 67
13 43
65 9
7 87
19 70
39 14
11 2
54 13
64 59
17 67
50 68
26 85
38 43
40 28
34 23
28 27
32 86
10 52
19 55
77 5
22 70
61 8
92 2
93 97
68 44
98 38
20 84
37 13
26 4
93 98
71 54
73 28
26 59
35 99
3 26
26 50
10 55
40 86
27 97
93 46
15 42
18 24
1 4
42 1
45 45
55 87
59 63
14 92
45 57
74 59
61 62
68 10
70 58
37 77
47 8
94 2
60 33
39 83
1 25
26 33
55 0
51 4
77 84
95 65
41 52
43 82
66 53
74 63
28 54
95 20
24 86
6 73
28 29
54 47
56 23
49 1
67 59
46 60
63 71
32 72
62 33
91 63
88 29
36 85
53 7
75 25
90 32
66 80
59 94
68 0
54 19
39 3
1 53
85 61
87 41
95 44
58 52
61 30
86 89
56 30
76 77
97 4
81 2
84 33
85 79
47 97
57 71
68 93
69 65
84 64
84 87
98 15
41 26
79 62
93 25
37 1
16 77
64 32
62 39
86 82
57 2
86 33
5 53
91 50
87 66
76 13
85 88
35 78
1 40
88 14
2 41
68 90
53 62
72 56
77 86
8 46
14 61
4 43
7 25
93 64
91 21
3 32
64 43
95 95
51 38
99 95
14 31
4 93
89 39
43 41
67 2
0 54
6 90
68 34
28 37
53 9
30 68
12 75
72 86
62 92
73 39
0 39
98 88
11 94
6 88
57 56
20 51
63 32
44 20
97 68
58 77
64 80
16 37
31 42
17 26
25 26
76 56
17 17
27 15
94 95
83 71
58 89
89 10
39 56
72 23
84 94
33 5
30 72
6 33
0 91
71 80
39 86
42 4
34 5
18 45
54 66
31 68
94 91
23 32
28 91
17 94
71 28
31 36
84 97
77 19
56 13
21 8
55 52
15 28
68 4
66 65
50 26
40 58
96 78
71 16
69 33
33 83
34 66
45 11
38 36
74 6
65 96
95 81
99 57
36 70
65 92
52 47
70 69
83 21
98 13
10 46
38 31
36 92
43 21
81 52
1 23
39 51
94 37
67 8
13 5
34 56
55 15
10 49
3 96
50 24
94 96
9 16
79 21
37 46
62 76
0 8
84 98
49 9
1 84
88 94
28 4
41 84
19 1
71 24
89 21
17 4
81 34
37 96
55 2
2 32
31 85
2 74
27 21
34 32
39 0
38 74
92 95
23 49
9 78
65 25
68 51
2 29
87 41
63 1
21 62
15 90
21 90
17 34
57 14
63 58
27 42
21 56
34 65
38 23
56 19
88 47
84 87
77 31
96 94
36 6
44 6
1 36
95 85
24 40
71 29
62 19
8 32
57 86
48 20
24 70
13 9
59 56
68 50
28 12
73 20
87 99
8 37
35 71
74 11
57 35
87 91
62 50
1 30
56 72
21 33
76 97
26 45
53 53
37 7
71 32
65 45
42 27
87 70
15 62
43 40
70 99
87 12
73 45
20 89
24 37
10 23
55 73
31 66
98 30
89 4
23 28
90 51
46 63
20 52
50 31
37 70
95 47
13 53
62 13
63 77
85 38
68 90
4 68
27 8
9 50
83 44
12 29
86 26
93 33
88 36
84 56
20 45
5 49
10 90
63 17
60 78
44 75
20 24
39 86
70 53
51 39
55 86
69 36
70 10
80 34
43 66
45 43
48 30
85 82
16 69
43 33
17 50
51 71
12 4
30 59
44 21
27 23
27 15
50 15
88 92
36 28
38 62
27 4
24 37
75 65
75 36
60 72
40 99
49 34
9 5
53 77
4 89
52 1
65 55
40 85
33 33
78 67
70 33
71 70
92 68
61 42
56 94
6 16
42 4
91 11
89 62
35 0
51 52
95 91
95 99
96 83
94 1
48 62
22 28
92 11
8 74
54 93
56 36
45 42
81 19
69 27
10 34
52 67
33 85
62 34
40 9
85 96
80 21
53 22
90 61
10 85
68 24
90 77
36 36
24 69
34 58
73 39
48 5
28 25
61 20
21 33
33 47
96 35
87 96
12 32
65 32
8 91
60 74
22 37
57 20
69 43
63 92
41 47
78 58
0 29
86 0
87 35
83 45
9 83
50 54
19 25
67 62
10 88
43 36
94 55
15 52
15 85
54 55
99 14
88 56
80 11
20 44
65 26
54 42
14 83
44 58
75 33
34 93
77 27
73 66
40 53
49 41
37 1
94 74
19 1
88 12
59 53
62 42
64 13
69 9
39 25
75 90
22 95
84 9
35 88
95 24
32 29
94 52
88 60
26 35
42 51
56 96
99 48
71 9
12 81
47 78
83 76
43 56
77 88
12 35
54 1
29 61
87 73
83 22
35 87
72 57
44 63
76 14
81 45
22 93
69 61
57 31
1 79
92 92
60 20
22 94
86 17
8 52
29 27
0 48
66 0
68 7
9 88
61 61
39 84
32 7
35 3
38 37
39 42
5 35
31 7
58 82
8 79
52 20
84 44
72 84
12 31
93 80
29 3
41 6
29 63
46 55
65 34
54 57
18 31
99 85
97 3
18 6
98 48
57 92
50 62
4 61
84 43
51 59
61 34
25 46
12 68
12 11
38 64
82 28
31 27
41 18
1 69
54 39
4 81
64 70
48 76
94 1
51 83
74 11
81 91
67 36
46 26
7 24
16 8
20 66
41 42
28 82
96 4
77 15
4 62
11 80
88 55
23 57
31 83
47 71
82 62
64 27
93 9
12 69
62 31
91 73
34 63
89 76
58 5
89 46
70 15
6 95
11 20
97 39
60 92
41 19
48 43
68 46
16 72
69 47
80 69
15 46
31 15
35 82
19 8
25 76
39 25
53 26
61 73
21 44
95 75
20 34
95 35
14 12
90 53
28 83
91 37
46 50
71 70
29 98
39 95
39 22
0 44
36 96
80 30
1 98
32 19
36 40
21 8
55 57
79 24
67 84
53 10
99 90
91 93
23 26
61 85
23 70
60 4
76 47
57 35
10 76
29 52
96 90
93 81
12 52
64 13
93 99
26 6
22 14
11 51
7 33
15 82
81 34
43 55
44 88
59 86
16 83
27 76
10 71
73 73
78 15
95 4
81 99
6 75
27 75
16 89
31 91
16 59
83 48
4 73
62 60
15 97
37 3
63 56
2 67
97 9
48 16
11 97
72 19
0 68
6 80
22 43
56 67
20 14
6 26
89 99
74 9
10 72
63 49
72 69
53 66
70 28
10 63
39 56
10 4
75 85
22 47
92 41
56 64
14 37
10 63
70 82
63 71
40 21
68 73
18 53
20 61
48 29
17 63
85 67
65 13
41 69
70 42
52 43
82 56
55 25
38 32
84 22
82 9
69 49
91 18
77 22
23 29
20 90
4 18
41 97
95 79
36 99
64 72
25 76
56 28
39 44
34 80
57 91
36 65
52 87
21 60
67 88
63 11
90 64
73 54
80 59
75 72
65 38
94 6
38 32
21 74
18 88
64 89
57 84
33 72
71 2
36 8
47 46
77 15
90 21
25 73
25 90
28 9
29 38
58 25
4 68
74 86
51 34
87 17
60 45
13 89
61 88
83 99
64 43
11 88
98 68
85 52
97 8
27 42
57 89
45 27
2 26
55 33
79 17
62 46
88 13
51 16
86 75
63 37
70 15
52 92
11 11
93 15
31 22
83 39
51 19
29 93
84 43
48 59
14 14
92 12
4 77
21 4
23 55
63 48
75 6
63 64
21 20
60 84
76 6
51 42
83 94
54 17
49 80
36 94
11 49
30 3
39 73
50 31
13 17
3 48
66 3
55 91
94 76
26 32
74 67
64 54
3 89
24 5
16 4
55 98
43 15
35 24
56 6
38 17
29 7
8 32
54 63
65 84
70 49
65 69
28 0
33 62
98 61
36 63
65 74
62 78
58 66
11 54
24 90
73 21
85 77
16 26
50 45
5 64
58 16
90 85
58 31
15 61
11 73
39 9
76 41
34 58
76 15
11 41
59 85
11 34
67 20
16 66
89 19
19 99
94 48
67 77
76 64
79 85
80 7
49 0
58 92
59 22
96 47
46 46
18 95
68 93
89 27
14 29
29 8
80 30
22 91
34 4
8 71
87 59
51 93
40 61
8 81
76 56
34 14
97 26
75 6
1 64
36 43
68 45
35 51
8 86
6 76
52 86
2 99
46 0
14 17
98 67
36 41
12 46
87 26
91 21
97 62
28 33
74 16
58 29
55 83
71 24
91 86
25 53
18 77
32 46
64 33
38 29
29 67
43 51
68 42
15 5
17 5
79 69
66 72
25 5
4 99
68 64
44 93
44 83
31 40
55 94
99 9
84 75
33 50
24 43
48 7
34 54
39 51
49 34
27 34
26 59
28 69
96 21
17 75
55 31
35 1
42 35
16 7
65 16
82 9
15 70
91 57
14 46
84 12
8 65
85 12
44 49
12 44
87 82
55 75
33 21
79 3
59 63
60 99
45 65
70 12
81 71
42 29
16 52
87 37
79 64
27 12
16 61
95 24
75 10
51 57
74 93
39 93
25 50
11 95
70 60
34 45
53 26
57 15
12 7
93 48
99 8
95 95
55 85
14 26
68 3
41 53
80 15
80 36
12 33
80 39
33 85
26 8
97 46
22 21
2 15
62 73
60 69
43 2
35 63
2 82
53 60
34 41
86 92
90 34
15 35
93 83
10 15
65 47
80 70
73 14
53 46
49 95
39 26
31 60
31 92
1 65
10 52
68 8
7 66
3 84
70 5
58 6
49 89
10 0
7 46
24 67
98 7
59 8
67 94
53 50
57 48
62 29
66 13
16 67
72 60
75 91
16 84
28 82
29 87
23 66
25 48
48 30
26 61
73 73
91 29
67 19
70 66
90 15
94 62
48 34
22 31
40 1
2 9
27 48
30 83
29 10
33 66
7 41
25 29
75 56
53 64
19 65
90 68
42 79
7 26
48 12
37 32
28 16
94 13
42 20
98 70
41 87
41 72
91 42
44 70
98 51
37 0
2 76
46 71
90 78
68 14
44 16
53 15
87 47
53 55
42 35
70 38
71 88
41 36
65 97
29 32
27 41
25 9
31 30
95 64
48 94
61 23
85 21
89 72
12 87
19 67
38 8
36 52
36 35
67 8
46 47
31 31
20 39
38 11
28 1
40 52
21 41
92 66
77 12
98 37
98 53
22 83
3 1
31 43
52 78
1 11
7 76
77 47
74 3
74 56
12 84
26 12
57 8
68 53
8 52
77 4
51 18
95 75
30 16
36 24
53 82
96 84
19 84
18 54
15 53
71 89
84 48
25 10
33 19
64 37
94 30
83 70
85 14
19 61
71 40
28 88
64 38
45 59
73 13
11 82
86 81
7 37
54 90
16 90
83 98
69 31
99 82
51 80
26 24
51 37
36 33
42 48
43 24
20 56
23 54
29 13
8 19
56 35
45 15
63 68
88 64
79 13
56 23
84 59
75 64
91 70
94 41
17 12
20 41
8 18
22 10
65 25
62 96
78 74
23 84
61 73
79 70
16 80
26 60
40 19
85 42
71 44
9 57
67 4
73 25
50 78
43 63
13 58
81 85
12 38
46 61
78 20
5 87
35 67
37 15
18 74
6 91
49 35
92 42
38 18
17 12
2 60
55 1
80 13
49 98
28 44
80 20
90 86
17 18
6 48
32 64
38 50
91 44
54 27
95 19
39 6
62 40
75 41
96 66
96 60
76 33
89 55
47 84
75 30
89 80
40 0
6 50
61 31
35 36
91 42
70 31
36 94
10 27
40 45
88 70
12 65
67 15
47 56
68 88
42 43
41 18
82 42
97 28
35 54
81 39
91 91
74 78
72 16
83 91
53 38
50 55
17 48
45 63
0 9
39 35
73 93
4 50
61 59
21 48
22 5
44 16
26 63
39 45
93 61
8 2
94 50
10 55
58 25
11 9
5 87
28 75
77 71
28 1
58 96
94 62
41 26
60 94
56 60
58 97
17 56
81 35
62 91
26 14
39 13
32 56
92 47
65 20
9 41
65 7
2 11
8 77
45 70
88 29
49 69
93 27
8 62
23 87
29 7
21 92
89 40
82 94
16 59
26 74
54 16
75 32
57 47
30 99
67 52
11 99
55 57
79 51
42 6
17 49
5 20
55 62
80 62
45 62
59 48
18 71
25 40
28 32
47 77
31 42
19 51
66 94
81 58
79 51
76 19
22 56
20 96
61 69
98 79
64 95
47 74
54 82
43 53
8 24
18 55
18 15
8 27
78 40
21 51
72 1
63 87
78 52
9 20
87 55
67 69
5 92
83 35
33 51
60 49
34 37
79 73
1 29
99 4
14 8
93 12
48 6
49 35
58 82
68 72
97 42
52 70
95 82
16 71
37 65
92 33
38 67
0 12
35 48
85 21
20 76
70 96
39 21
60 85
82 12
87 76
53 46
96 43
53 4
95 82
50 83
24 51
54 47
11 61
43 77
77 81
63 32
0 14
83 88
7 31
48 57
83 41
32 12
2 91
48 85
45 30
9 60
0 86
43 94
64 21
44 23
81 78
27 15
32 32
33 68
44 45
25 73
19 95
72 42
56 27
56 80
32 17
62 58
97 91
97 97
39 70
1 91
65 13
49 55
83 41
83 12
65 61
45 41
35 93
88 47
82 39
75 35
78 10
84 31
15 77
61 21
51 79
27 20
11 27
19 69
86 80
62 44
79 38
23 9
0 71
26 25
24 28
63 88
23 2
4 1
22 62
26 55
32 54
22 86
79 75
57 29
46 80
9 22
29 72
19 96
4 92
50 45
30 36
33 75
81 24
29 12
49 83
58 77
71 85
36 66
1 5
78 77
93 21
47 23
65 53
8 67
8 36
57 18
32 11
43 63
95 71
29 42
11 18
59 2
32 95
51 29
86 11
43 42
82 12
8 42
98 82
71 66
6 54
73 54
98 81
29 15
28 57
41 39
55 81
76 59
86 9
43 55
61 95
29 15
21 85
46 14
35 77
63 99
95 25
19 45
56 19
61 79
30 94
9 66
29 90
84 48
33 65
44 44
94 3
55 91
18 22
6 69
12 8
43 60
2 26
60 6
67 53
39 13
98 75
73 74
62 1
81 66
45 53
85 68
20 17
74 79
42 83
18 97
70 27
86 10
67 11
20 49
66 52
80 71
14 82
90 93
2 77
77 81
33 25
79 21
61 43
5 52
85 35
19 41
33 89
15 77
30 60
86 15
30 27
54 74
48 18
89 94
72 49
49 28
84 19
72 79
20 88
4 55
74 69
91 51
99 93
91 32
61 41
11 39
47 53
89 98
75 9
85 53
32 88
57 78
33 34
36 8
85 45
7 33
47 62
74 36
14 66
70 81
93 38
67 26
34 91
55 23
31 64
4 66
4 89
31 99
29 81
93 6
52 61
80 38
73 8
50 52
83 39
88 71
81 35
37 33
56 23
2 97
93 3
72 75
71 47
63 21
75 96
57 16
35 49
57 45
23 30
26 38
38 20
26 92
21 48
34 8
88 40
16 10
23 32
94 88
43 5
36 43
71 33
64 79
24 33
73 43
49 78
80 51
81 46
42 47
56 19
52 3
70 0
79 93
72 53
24 91
62 82
9 39
16 58
67 60
89 63
97 59
96 47
33 48
24 87
88 25
91 3
92 36
55 33
23 24
77 80
81 64
34 59
17 27
62 66
60 11
99 64
85 99
29 32
46 1
57 18
5 12
86 39
11 25
3 96
62 1
21 22
73 18
99 44
4 29
13 74
39 7
49 68
3 89
28 91
84 8
3 88
86 17
56 26
3 5
47 40
44 67
2 10
22 74
30 3
20 13
29 89
3 45
84 19
80 15
96 72
99 3
80 77
28 48
15 46
32 24
63 49
69 29
46 18
55 74
96 39
57 31
1 2
61 85
82 23
20 91
44 29
93 20
74 67
16 92
94 38
84 30
55 16
52 58
82 61
7 93
58 98
69 45
34 8
20 28
94 87
58 96
74 46
17 72
20 48
39 11
53 67
83 53
71 59
49 23
22 54
77 53
43 64
8 43
93 48
57 2
12 18
46 89
69 7
25 6
69 62
23 26
42 80
53 68
52 41
83 66
35 21
78 54
20 93
4 79
46 35
11 70
82 35
68 85
0 91
96 32
33 50
63 40
12 46
47 63
96 50
99 27
35 38
35 43
47 19
13 93
18 11
22 58
28 87
26 74
37 65
2 65
57 52
42 43
9 78
11 97
77 14
18 64
68 28
82 89
16 44
69 78
45 81
37 72
0 45
93 84
41 57
33 6
62 0
67 39
18 41
88 76
61 12
18 3
66 41
7 90
10 36
93 26
70 48
92 47
0 31
20 48
9 82
90 62
89 41
39 9
41 58
50 75
37 53
84 87
75 92
21 26
90 56
76 91
88 23
95 74
5 76
70 68
21 23
56 59
49 30
38 83
23 85
31 27
13 10
42 10
71 60
92 42
18 73
59 64
96 93
89 78
88 3
69 6
7 82
13 28
41 93
88 80
15 69
33 48
63 27
3 2
57 47
53 63
9 52
33 51
53 53
1 90
77 62
84 92
26 76
81 78
92 22
49 57
29 13
93 96
27 40
48 71
1 59
66 25
10 61
65 28
4 0
23 47
17 75
31 32
10 79
32 28
69 7
7 10
72 75
71 30
19 48
89 10
59 33
31 49
25 37
55 68
15 68
69 55
50 97
60 19
52 91
18 33
63 56
45 81
2 41
79 17
19 98
98 57
39 20
47 56
94 56
59 64
48 53
37 57
73 43
73 34
96 22
94 16
58 35
38 80
23 31
67 16
38 55
62 17
20 12
69 43
98 82
82 5
17 64
53 82
68 21
21 89
68 55
24 29
52 53
13 37
58 66
84 54
11 59
26 31
35 49
46 69
72 38
39 40
70 10
48 77
48 51
54 67
44 31
38 22
19 68
98 85
82 32
58 12
74 23
79 90
5 79
31 44
76 55
87 50
65 61
93 97
88 50
82 44
37 77
46 19
91 21
18 83
82 84
96 39
39 2
93 36
69 47
37 69
64 41
75 82
69 24
30 4
38 83
63 44
11 17
97 45
15 85
35 85
44 66
45 49
85 67
11 63
36 51
10 58
43 5
43 45
13 63
30 16
7 53
37 83
38 30
49 79
84 81
76 10
52 91
2 67
49 92
64 45
59 79
48 33
19 78
30 94
90 87
32 8
73 82
96 61
82 56
23 86
25 92
20 10
69 34
28 45
81 91
79 29
97 63
93 81
15 78
3 65
33 98
89 6
95 4
76 20
40 27
86 1
82 86
24 59
0 97
6 12
52 46
7 79
93 21
1 70
36 28
10 47
89 28
79 13
22 53
17 8
21 38
91 86
15 76
91 81
57 35
75 88
38 92
54 75
64 72
26 95
60 18
86 87
85 34
33 37
18 21
8 30
70 96
61 86
20 28
49 31
46 52
15 5
59 68
30 71
23 61
13 0
59 94
46 94
47 99
19 0
38 91
65 79
36 77
79 66
35 25
73 77
71 49
77 29
65 46
53 11
98 13
57 13
53 85
18 5
8 14
23 35
32 38
9 48
54 48
26 9
81 54
9 91
48 15
95 80
67 51
88 4
33 86
15 82
97 53
94 39
97 93
22 83
72 34
49 65
47 40
32 15
9 14
24 63
63 22
55 64
34 56
86 72
9 88
17 70
14 66
26 1
19 35
94 17
99 78
94 70
79 85
80 5
65 59
74 94
90 82
8 10
44 51
94 77
76 95
43 34
9 50
52 4
49 29
47 73
87 8
44 67
92 12
99 11
40 10
63 99
89 58
44 20
75 9
27 55
66 41
65 73
60 37
12 37
26 20
50 94
87 84
46 72
41 21
65 96
61 22
86 70
23 77
63 47
2 5
36 57
51 67
42 13
32 13
64 6
27 27
68 17
21 94
24 54
84 22
38 34
98 24
8 15
74 39
80 53
93 79
69 93
70 32
15 59
79 3
22 30
4 0
58 58
98 53
36 77
71 95
25 2
12 1
67 98
23 20
85 45
90 22
31 11
76 69
94 96
71 10
29 30
80 36
76 54
78 87
61 74
42 25
38 79
11 0
69 0
0 46
68 14
8 37
58 64
11 7
29 26
15 66
57 50
60 30
12 47
48 55
12 51
16 83
7 58
91 56
32 19
73 80
25 41
15 0
90 74
36 14
4 77
80 83
55 7
5 24
48 39
43 45
76 56
75 59
54 10
54 43
90 13
98 10
22 64
61 89
38 45
65 45
53 89
21 30
32 71
42 28
15 27
63 64
39 29
56 92
70 85
31 40
44 93
9 29
18 5
15 67
73 48
87 58
55 78
46 59
26 75
17 30
66 68
82 42
44 8
94 1
18 5
84 31
96 62
91 56
72 18
37 25
59 76
58 97
92 1
71 79
7 86
40 11
61 22
5 65
99 23
45 37
9 29
32 34
78 34
44 47
38 43
1 47
93 37
77 17
12 26
77 39
30 75
74 91
1 90
93 22
20 43
72 91
95 86
70 79
88 15
59 20
94 94
74 96
95 29
10 82
64 15
22 46
4 3
42 87
92 15
74 95
77 21
56 48
21 81
22 20
78 70
45 74
86 72
48 49
48 80
38 90
47 84
19 90
1 7
54 70
65 68
46 69
63 1
19 15
74 9
95 78
63 46
12 18
19 32
66 76
37 38
83 13
54 35
72 77
30 80
64 98
82 36
86 35
62 34
57 74
21 66
24 61
39 91
15 45
10 94
65 76
92 38
69 21
6 8
26 41
79 14
63 10
35 97
62 30
25 40
17 80
73 35
16 81
29 49
85 57
46 63
24 90
37 39
58 72
86 40
70 18
41 63
20 82
92 87
8 1
52 0
85 15
7 86
69 85
15 24
80 44
49 63
38 92
58 51
84 79
14 61
14 25
28 95
98 7
12 21
38 29
99 39
70 84
8 58
28 88
12 54
87 22
36 69
75 50
19 0
89 7
96 69
10 81
52 64
67 5
0 86
31 32
96 23
23 49
66 50
78 91
34 17
55 33
19 20
36 7
96 35
58 80
27 60
83 31
18 6
6 27
42 34
43 96
12 41
51 11
4 69
82 25
50 40
96 11
0 99
5 61
15 63
56 70
64 60
89 44
65 38
5 4
82 52
58 20
45 2
45 4
43 72
75 10
80 14
46 66
26 40
20 19
16 73
83 23
12 58
60 55
32 58
56 82
15 14
97 12
34 20
34 94
22 30
60 89
11 64
11 22
90 76
31 53
52 61
29 14
62 45
41 23
77 22
79 22
71 73
39 80
70 27
92 42
40 2
27 5
31 0
78 71
31 10
55 70
52 93
64 22
65 78
27 34
10 78
60 63
46 41
3 66
97 2
13 17
75 62
54 14
30 96
56 1
1 30
69 40
91 33
83 17
38 92
45 67
86 51
61 14
67 74
46 13
7 56
76 68
77 33
96 80
32 81
13 55
43 93
58 82
24 29
83 15
56 92
56 12
20 75
64 1
55 43
4 81
77 79
25 23
58 61
14 74
81 19
47 97
73 25
32 90
68 41
67 12
70 67
62 9
86 97
41 33
32 71
9 62
93 49
28 74
91 36
91 93
60 1
20 14
8 91
55 65
85 98
41 9
62 88
64 64
41 78
90 36
49 94
0 30
66 38
64 68
91 60
94 38
51 55
28 20
10 23
70 68
68 75
65 15
9 10
6 11
54 30
16 96
76 55
82 81
9 78
9 61
23 39
62 97
37 65
35 12
64 31
55 47
79 19
27 83
73 80
64 90
57 59
2 37
40 70
92 3
19 37
96 45
89 15
79 15
87 1
53 99
12 27
11 60
64 58
55 57
51 87
51 3
52 80
64 93
58 39
61 63
67 80
46 11
51 91
38 96
51 11
22 98
87 42
87 42
77 28
63 93
17 74
42 11
36 42
57 9
34 34
42 75
19 52
94 77
31 46
61 7
63 79
97 0
6 16
13 53
42 36
18 73
44 82
55 55
38 73
9 7
22 49
80 0
84 53
19 95
64 49
95 94
5 22
57 68
1 53
73 44
3 82
3 62
25 73
42 6
53 34
33 90
34 15
43 13
95 95
73 67
99 71
15 60
30 36
37 20
73 72
90 93
73 52
77 97
11 85
57 42
87 97
37 44
77 88
39 85
23 67
97 21
90 59
0 78
23 31
15 13
82 76
39 41
9 67
49 68
2 71
1 19
33 91
21 6
72 58
78 26
43 7
8 88
72 92
55 90
63 87
11 27
90 15
34 86
42 41
56 72
66 13
34 75
76 20
70 43
87 15
75 16
39 38
25 56
65 18
90 89
80 19
92 77
38 44
51 44
47 91
28 64
13 63
31 12
81 55
76 77
21 39
79 79
27 9
87 68
46 8
24 76
73 77
66 48
81 78
30 98
17 43
41 29
87 67
33 22
57 87
68 50
91 80
47 1
94 89
20 38
73 26
60 22
29 20
24 89
15 40
8 86
77 97
36 87
48 36
95 70
88 56
46 34
3 18
42 60
36 0
54 82
51 47
41 89
88 31
74 85
43 20
7 21
88 36
53 95
93 12
40 22
21 80
16 69
60 95
39 41
89 83
65 33
77 33
97 55
64 24
26 16
3 91
68 3
55 44
6 47
15 92
25 44
47 82
53 0
37 81
27 39
10 35
0 77
84 77
31 10
24 10
33 18
0 7
20 83
76 5
87 77
60 70
64 5
30 33
52 11
96 50
6 24
69 42
36 48
48 64
50 95
24 84
59 26
96 56
19 3
32 49
20 73
8 76
20 89
55 23
67 79
92 16
73 17
91 2
16 65
83 37
53 54
46 66
72 39
36 94
9 9
11 74
17 10
91 81
37 51
21 32
15 73
47 87
96 7
55 94
92 15
72 14
57 27
85 26
54 98
85 89
5 47
71 45
30 83
56 53
92 26
24 95
40 73
32 20
85 81
90 16
92 83
70 13
38 67
55 8
9 22
71 45
89 62
16 66
7 69
52 60
11 98
33 84
94 15
3 41
18 45
88 80
57 11
5 10
70 40
66 34
50 23
81 59
3 9
40 83
38 47
46 50
14 94
53 46
26 37
30 34
83 22
85 51
14 40
84 59
45 66
73 73
89 64
2 64
19 80
7 33
94 12
78 67
97 21
56 6
65 64
93 8
7 82
39 46
11 89
1 91
45 89
30 5
14 28
9 25
55 35
85 23
70 89
33 22
38 46
34 92
48 48
46 27
11 67
15 88
86 1
61 39
12 11
33 0
98 53
55 45
18 61
8 67
31 29
5 34
49 0
16 29
16 16
76 82
39 56
8 81
62 71
64 61
91 7
34 62
34 45
27 52
8 85
89 54
55 57
47 88
38 47
84 37
65 65
95 58
14 68
67 52
39 65
68 3
76 15
91 1
85 54
38 67
77 57
99 92
40 24
8 88
2 48
79 63
22 46
68 23
61 42
4 72
78 24
11 36
91 56
60 17
25 30
13 14
87 97
96 74
64 61
72 26
44 75
78 11
50 20
15 11
53 80
75 92
41 53
55 12
73 32
82 19
21 48
42 4
39 88
50 42
75 78
55 65
1 60
40 44
5 63
35 93
35 14
63 97
17 94
98 7
81 41
74 56
85 51
40 66
47 3
75 26
9 48
77 59
73 32
5 93
16 72
9 11
97 20
61 74
24 53
89 69
99 21
88 12
80 97
55 3
62 66
50 84
93 74
62 38
34 55
32 41
52 92
30 62
3 58
16 47
82 66
15 53
32 75
45 43
18 64
49 44
79 80
7 36
36 54
72 60
31 53
37 62
63 69
36 24
81 89
8 54
54 38
95 12
37 85
34 93
40 26
24 5
50 89
90 91
11 81
75 85
56 38
59 43
40 48
37 74
86 47
10 29
77 77
15 99
89 98
24 19
0 59
78 52
34 44
35 79
34 40
55 78
39 97
61 43
95 86
29 75
11 47
14 14
71 79
17 15
77 49
86 42
21 48
16 73
73 78
93 46
31 12
12 45
37 49
61 12
73 35
35 1
25 2
34 13
64 77
87 58
38 13
16 1
17 17
29 8
2 87
15 25
53 76
48 1
45 8
1 58
26 14
66 40
23 58
58 12
38 15
83 76
63 84
49 60
96 99
83 5
80 6
77 36
41 93
36 87
24 18
32 62
32 55
34 63
42 68
89 44
74 56
12 14
33 33
50 83
60 55
87 68
52 68
51 17
71 62
44 87
61 83
68 14
29 30
31 26
94 82
42 25
45 21
34 91
74 23
86 79
44 30
84 81
40 98
29 87
68 79
66 35
67 56
42 53
50 67
13 35
52 89
50 50
10 92
36 6
37 37
16 96
36 42
27 80
30 88
83 45
32 49
47 15
86 59
27 27
13 63
24 37
86 60
68 42
40 15
73 5
51 8
62 74
15 12
9 73
85 9
41 60
77 6
98 23
70 45
36 36
86 38
87 90
17 85
94 47
17 90
24 19
47 62
96 97
89 52
0 56
6 97
86 7
96 1
53 22
94 51
89 66
69 11
16 98
58 35
78 25
26 56
8 21
75 49
94 63
25 59
47 74
7 2
91 67
21 25
56 82
82 8
85 71
44 92
80 88
29 68
53 87
28 74
52 47
27 1
69 90
85 49
55 92
57 23
97 40
21 37
98 57
51 42
30 79
81 20
53 65
75 18
21 42
85 99
68 51
24 38
63 27
37 3
37 31
28 80
59 98
18 93
77 6
23 66
26 33
10 59
77 80
38 78
61 60
94 99
42 30
6 75
56 75
36 98
63 43
4 72
99 96
9 72
10 61
59 11
53 17
87 9
31 87
26 71
71 65
12 56
96 33
16 32
89 84
39 49
33 91
60 73
52 9
51 1
43 57
18 43
66 29
38 30
58 39
74 56
9 92
34 38
40 26
27 42
25 38
23 9
92 33
36 63
0 59
57 21
93 10
53 73
69 16
40 11
70 81
6 37
5 17
26 51
8 90
3 95
6 51
19 52
58 94
31 14
57 67
87 24
88 63
39 54
79 48
23 90
86 27
60 96
63 87
60 36
28 88
86 53
35 94
75 15
54 0
41 20
96 97
19 68
44 64
85 84
13 1
83 41
78 58
58 13
72 35
72 96
0 52
75 2
66 53
64 92
85 30
99 36
69 98
64 51
62 41
80 18
62 85
45 21
81 97
28 19
64 5
44 96
10 21
77 54
33 22
22 14
64 57
35 93
61 17
77 97
22 8
48 46
13 69
83 45
28 23
35 5
49 40
18 37
88 79
69 61
40 17
85 8
63 30
89 27
74 51
96 15
62 67
1 19
82 45
47 69
23 38
50 79
63 39
87 67
27 92
56 37
91 53
17 16
74 27
28 22
61 26
12 12
63 3
73 12
40 56
98 26
25 41
31 31
93 74
50 5
23 80
0 85
59 88
36 48
93 14
66 11
96 94
48 79
49 74
23 21
43 17
44 98
66 45
71 59
33 6
26 20
66 20
96 78
56 90
22 8
26 2
69 21
25 77
44 91
40 97
42 61
87 32
66 22
73 58
69 3
82 21
72 15
30 85
59 86
79 72
80 13
86 40
37 47
64 95
85 55
75 52
81 61
67 69
69 88
56 3
1 74
5 39
55 74
32 47
53 45
43 97
96 69
62 79
24 89
29 84
9 28
68 24
62 49
54 97
45 40
14 82
89 78
22 30
14 41
70 91
97 67
17 75
7 14
98 20
46 10
91 2
43 59
87 69
58 15
56 54
59 84
57 14
53 82
25 91
27 77
83 10
85 15
55 29
81 81
11 93
5 53
42 72
79 35
8 36
47 74
13 54
7 94
33 2
46 88
35 23
30 71
6 93
32 65
68 30
43 7
65 24
71 99
60 90
92 95
74 83
12 33
8 43
43 75
8 79
42 53
18 65
95 46
41 95
66 17
64 13
0 65
28 53
20 66
32 7
50 64
75 3
67 87
79 7
14 62
73 62
55 33
51 40
47 7
4 47
52 91
91 93
42 45
0 74
3 75
24 88
26 65
35 5
78 25
45 28
43 96
60 30
93 86
65 41
4 0
75 25
39 80
59 71
24 79
35 43
12 61
40 14
32 32
86 37
38 57
82 46
26 90
60 89
6 30
92 76
36 44
74 50
54 68
31 83
39 84
26 21
61 70
11 99
31 19
66 31
52 5
8 20
80 61
14 15
62 22
67 44
48 29
98 73
44 24
70 68
30 64
4 85
97 27
87 63
77 12
8 38
67 22
93 4
33 24
34 22
35 13
14 84
87 83
82 4
26 25
27 64
7 97
38 64
15 88
19 44
4 65
55 84
88 8
17 42
72 94
49 45
41 47
38 10
50 71
32 61
8 67
97 9
51 33
92 92
77 42
69 41
74 36
17 84
58 23
33 17
85 6
99 24
5 65
75 59
30 14
35 50
9 19
17 21
87 98
83 38
20 90
65 57
12 0
46 43
43 91
41 80
9 12
19 97
91 75
22 88
86 59
43 14
78 82
58 99
96 79
67 81
27 77
91 75
40 43
58 42
96 89
25 51
53 64
76 87
62 60
30 93
16 3
40 4
90 27
82 78
60 48
72 19
78 95
54 62
96 49
54 79
40 27
57 4
9 87
26 42
9 88
51 75
54 87
93 21
8 81
18 93
97 36
16 62
91 14
2 95
27 82
6 17
72 68
20 9
21 29
41 56
65 91
0 33
52 84
22 81
8 40
64 23
54 71
37 46
47 70
82 20
61 56
92 11
10 49
23 63
74 49
14 4
81 66
34 88
56 43
54 41
45 20
64 70
19 60
68 88
57 64
35 20
35 94
67 25
38 69
59 83
17 62
29 54
20 97
12 99
72 13
71 38
6 27
46 93
96 40
70 20
18 63
62 32
36 92
15 14
89 63
1 38
69 21
5 9
82 17
26 58
77 70
30 62
92 59
55 47
26 9
58 64
82 65
58 73
42 19
93 77
10 65
49 58
55 13
68 86
4 77
88 80
78 27
51 25
63 46
24 31
88 94
19 55
76 93
41 36
80 92
20 37
28 70
99 84
90 85
70 2
30 36
15 74
38 67
1 38
92 38
88 92
45 42
13 19
85 54
24 2
88 60
88 86
62 99
21 58
70 95
48 38
76 59
7 45
59 99
6 91
47 77
9 6
49 66
99 91
76 26
20 98
33 92
51 22
1 97
9 41
56 94
31 60
57 4
93 3
85 11
66 49
71 32
7 14
66 93
6 70
18 62
32 7
80 79
66 61
63 29
16 82
42 56
28 29
21 67
90 58
18 94
74 4
30 28
61 36
15 90
70 47
46 9
3 65
96 5
48 41
64 56
20 56
56 82
2 82
18 95
46 63
99 91
33 58
25 84
48 41
8 88
1 4
67 21
87 39
54 61
3 54
65 14
8 63
21 87
68 95
17 84
29 80
9 52
84 96
30 91
22 39
36 12
25 54
45 84
69 82
83 95
77 25
71 31
40 22
49 38
46 70
97 64
6 72
91 57
33 33
85 96
2 10
42 73
68 81
85 56
56 66
67 10
75 46
27 94
96 48
6 78
1 98
82 2
53 99
49 95
94 29
95 63
24 66
5 84
77 30
39 24
27 20
37 3
67 19
52 72
2 51
36 59
51 3
88 75
32 59
86 6
71 19
9 56
9 13
80 56
92 91
50 97
90 57
80 21
51 90
38 7
45 83
85 83
44 56
36 48
63 43
20 88
20 81
73 45
18 56
15 3
51 67
50 98
80 95
80 73
78 85
71 1
60 9
43 10
92 76
47 29
37 67
33 11
42 41
62 89
10 81
66 50
13 81
88 48
32 41
1 34
12 55
59 18
57 42
41 44
11 6
42 33
16 26
17 56
38 14
41 62
35 86
80 49
4 24
52 70
95 76
53 31
14 32
49 55
2 51
67 54
90 83
2 61
95 24
72 94
81 22
25 18
25 19
46 16
97 17
17 93
81 91
13 26
81 23
67 97
47 61
21 86
79 82
3 1
99 41
62 58
90 41
41 97
81 68
22 6
47 72
82 26
89 31
25 98
94 16
83 53
73 4
15 16
16 17
27 57
81 99
26 15
46 96
77 4
63 20
22 35
20 61
58 93
77 20
31 17
34 42
2 39
74 97
39 47
71 18
65 68
15 64
37 19
28 74
38 94
15 45
99 21
64 41
3 83
71 24
15 24
9 33
49 96
97 2
76 95
94 92
33 53
59 70
32 71
57 45
23 35
80 63
7 34
48 60
16 41
66 54
45 90
18 85
89 6
77 45
62 67
91 40
41 26
49 30
38 18
74 68
35 13
38 29
90 33
72 99
50 58
89 20
35 55
40 56
77 83
71 73
71 49
25 72
70 81
46 13
45 8
17 45
45 91
60 58
28 32
56 40
47 58
64 48
88 32
41 67
57 10
32 16
41 80
59 52
22 94
36 8
92 8
97 1
79 84
46 69
0 69
24 63
14 29
77 46
3 63
74 92
65 51
1 25
97 4
89 78
11 53
71 43
83 55
12 21
92 47
55 21
62 53
25 39
58 65
5 80
90 38
97 99
76 39
3 45
98 17
72 1
18 48
50 34
58 8
19 46
17 53
38 84
21 69
58 70
75 23
57 70
17 71
23 0
99 43
12 22
6 51
82 51
20 92
58 20
13 32
68 79
64 87
16 56
47 44
44 65
38 21
3 65
10 9
22 49
45 38
5 67
91 24
14 50
93 9
89 71
4 72
98 14
89 97
46 35
18 98
60 98
96 87
38 77
15 11
41 25
63 4
65 71
2 62
56 11
98 42
21 33
10 27
55 83
64 1
0 96
92 83
38 48
82 91
42 93
78 92
25 58
25 66
29 23
23 2
49 57
83 12
53 88
0 73
82 94
41 0
29 41
36 82
51 51
77 89
99 42
28 91
46 75
73 20
89 40
90 22
7 75
11 65
77 66
73 93
85 36
43 3
82 10
59 88
95 75
85 33
12 6
40 63
99 57
73 24
65 47
68 19
72 4
39 57
24 27
94 70
1 57
38 80
69 90
82 26
28 66
83 1
83 10
5 75
39 74
83 63
38 92
81 70
20 68
24 72
1 68
46 57
8 90
80 45
59 82
9 89
31 4
77 12
89 90
39 75
11 12
4 66
77 67
72 5
40 3
69 50
19 31
68 73
20 47
92 82
35 45
53 97
61 27
56 68
72 52
37 47
5 19
70 44
82 30
49 57
14 88
68 51
68 52
36 69
43 92
41 83
97 51
30 99
29 53
94 39
91 47
91 61
20 42
45 17
41 29
90 49
86 82
40 89
93 99
36 44
97 1
99 0
85 91
37 82
21 56
27 97
93 26
96 76
17 98
5 34
61 73
35 26
45 84
51 2
32 94
93 69
67 91
32 69
36 98
74 78
37 86
92 47
11 9
92 87
47 31
59 18
15 13
56 89
6 56
2 76
22 80
10 42
6 67
5 4
58 51
59 12
9 7
67 84
6 47
81 64
22 88
47 44
31 80
53 7
34 15
46 50
96 21
10 33
11 88
78 39
31 50
50 30
7 48
93 97
29 39
94 71
50 71
48 79
15 14
11 37
53 18
33 67
29 98
55 30
30 82
77 76
64 19
4 72
31 54
24 14
28 91
6 38
92 60
7 85
65 95
83 58
86 62
61 18
54 47
73 55
47 54
24 34
79 84
71 49
54 99
88 48
85 9
63 63
64 75
42 26
5 15
14 24
60 45
14 25
82 43
13 18
73 40
21 64
24 19
88 36
87 13
36 39
76 91
28 29
33 26
19 88
82 55
55 20
56 96
85 15
51 53
31 7
76 68
39 99
92 89
74 53
50 1
79 2
35 73
3 59
87 87
29 26
71 26
56 43
17 33
78 85
68 44
21 44
20 69
8 75
62 89
50 52
96 99
1 19
98 11
72 38
23 13
44 99
91 4
11 99
63 72
36 15
25 27
21 8
27 72
44 10
73 51
78 70
74 57
35 73
10 28
71 28
91 36
97 76
8 47
6 51
28 89
87 25
79 11
75 22
6 5
6 53
86 53
79 29
51 10
51 36
79 9
8 96
14 66
3 72
55 3
3 2
29 42
13 91
42 70
1 96
50 61
61 1
99 48
91 43
7 58
95 2
34 91
4 61
68 0
1 49
98 29
33 92
15 3
95 9
46 67
42 61
7 87
85 82
15 24
47 50
91 32
28 35
32 37
85 72
3 93
29 16
73 4
65 32
37 94
45 66
64 26
1 22
30 33
93 31
32 62
12 48
72 22
69 93
16 58
1 63
61 92
10 3
28 75
29 3
86 0
6 34
40 4
59 92
30 51
94 76
61 69
37 5
20 90
56 75
99 14
97 51
16 83
53 93
25 3
63 37
91 22
94 46
3 85
17 7
40 37
15 19
5 74
70 78
72 12
91 25
22 27
15 97
6 77
47 29
42 17
26 20
9 36
67 26
94 23
85 95
70 92
5 33
45 62
86 47
78 36
64 29
67 31
72 82
44 68
33 81
93 40
26 21
88 69
94 85
21 42
8 54
76 8
44 57
40 27
45 11
94 76
22 79
73 12
90 48
34 26
17 68
66 53
13 48
17 37
62 72
93 44
68 65
25 85
95 21
16 68
43 83
26 62
32 33
10 42
12 99
82 99
35 28
21 64
78 37
57 91
17 31
82 81
53 95
97 31
50 94
79 3
9 20
69 33
37 1
62 50
33 62
26 75
31 2
3 55
29 73
78 18
65 79
56 35
13 69
24 16
5 64
59 8
54 91
33 54
7 85
89 86
80 3
2 37
51 4
43 21
23 6
23 44
3 61
94 57
36 3
58 56
33 81
68 30
34 77
23 58
96 57
72 45
25 96
38 58
98 19
58 39
53 58
17 87
12 32
56 18
80 41
56 73
40 32
51 57
54 44
94 87
70 74
48 72
21 61
47 84
25 99
0 31
28 3
73 69
18 46
65 43
48 23
68 2
57 12
64 23
1 58
19 11
48 81
69 84
68 27
83 36
14 9
61 1
60 24
55 91
90 48
74 21
83 40
69 55
88 86
23 26
92 47
28 85
28 60
82 37
59 59
83 96
52 33
26 81
38 43
95 56
98 10
37 2
27 10
21 26
48 62
65 95
29 62
80 41
25 87
1 42
27 2
87 62
40 88
42 59
97 38
41 61
9 27
68 58
54 97
82 90
18 16
94 13
42 8
37 91
39 39
59 40
89 25
86 28
74 20
9 7
16 67
48 22
83 39
75 95
37 4
85 59
96 85
50 81
0 21
47 5
73 50
49 6
6 9
74 24
2 27
77 87
59 96
58 16
63 83
75 12
12 4
27 76
61 16
40 1
94 8
12 3
43 28
72 12
16 99
53 47
8 11
41 24
84 38
68 51
74 67
21 66
93 99
80 15
44 22
26 90
77 28
70 81
44 8
33 93
15 38
65 61
79 6
30 44
6 82
10 42
96 87
93 57
0 1
17 19
4 65
64 54
67 72
31 99
95 54
34 2
36 65
34 18
25 25
86 97
37 30
89 61
68 31
88 78
26 87
16 51
83 13
61 17
93 28
73 3
76 73
94 32
74 89
3 98
29 19
71 92
9 81
74 29
86 87
21 99
72 48
91 5
62 41
36 68
31 36
48 77
72 87
22 86
51 89
38 74
61 36
72 8
88 13
4 47
73 27
5 30
67 5
28 50
58 23
97 28
49 14
3 98
49 30
19 87
71 5
52 20
46 36
52 21
24 57
47 99
91 46
8 8
55 72
77 0
74 76
52 72
47 3
98 38
22 92
78 25
49 58
95 16
27 44
79 10
1 38
48 86
95 78
11 34
93 27
32 99
40 5
49 42
67 12
66 24
0 7
74 8
65 6
94 52
97 35
87 55
15 23
94 23
66 36
69 61
97 59
95 4
6 42
94 33
51 97
20 36
30 1
19 76
18 10
53 41
93 46
84 16
33 30
95 9
82 51
36 97
13 41
65 15
25 20
73 12
48 84
9 1
99 81
75 61
43 45
99 20
5 50
98 16
18 33
70 14
79 71
44 10
19 20
87 24
74 71
18 22
89 64
80 90
43 30
39 39
41 35
78 67
75 44
22 79
37 7
64 72
78 96
6 72
47 85
37 5
98 83
13 74
57 43
66 98
85 97
99 80
29 8
57 21
13 81
6 57
54 29
56 97
40 59
35 30
42 44
86 71
64 82
80 88
48 84
50 79
12 93
93 11
88 74
36 3
5 96
30 65
27 86
89 57
87 8
11 35
83 74
18 29
29 45
49 2
32 42
85 58
12 93
35 59
75 38
96 20
97 65
29 29
89 0
37 41
64 20
14 33
77 51
70 94
3 99
73 39
80 82
57 93
37 26
77 4
94 84
91 30
53 62
1 71
20 97
1 85
97 28
16 19
93 12
17 11
18 8
37 47
89 77
32 36
83 56
74 9
77 40
3 59
94 81
39 81
73 10
85 45
41 58
81 28
23 9
33 43
53 3
32 82
21 93
37 41
8 3
53 12
6 1
37 36
61 15
52 60
61 82
76 13
12 35
62 31
48 64
47 70
44 99
91 18
82 97
46 10
51 23
27 71
22 75
99 26
24 53
82 62
95 5
88 47
21 66
53 3
34 8
11 99
77 10
40 79
68 94
12 81
8 11
23 13
12 46
55 73
36 63
83 81
1 21
91 16
50 38
37 92
25 73
55 98
11 67
48 60
64 73
95 54
13 54
77 55
9 80
7 3
85 64
49 85
24 12
54 27
15 16
28 11
48 11
14 11
34 56
59 37
69 83
51 32
98 28
66 23
39 71
86 74
53 46
9 32
51 16
36 92
69 64
95 69
48 26
81 97
97 24
53 97
4 88
16 10
68 5
56 82
95 55
21 25
80 97
51 10
42 79
6 22
71 15
20 48
45 60
31 99
22 80
78 11
63 45
18 60
87 28
33 12
11 50
97 76
29 45
30 91
16 64
8 36
31 39
88 7
14 15
10 33
15 47
36 45
19 53
56 94
35 83
95 24
3 75
74 43
91 62
57 7
9 94
60 17
82 46
79 17
66 81
99 21
88 35
38 92
32 5
62 27
23 53
96 0
32 84
87 60
10 14
18 11
38 85
28 13
51 18
13 23
25 42
74 54
61 8
1 32
35 63
43 86
86 30
87 30
20 91
40 18
43 2
61 71
64 20
56 80
97 46
18 31
11 72
83 40
6 42
73 65
27 12
65 87
2 6
30 7
70 20
87 33
34 63
45 22
14 85
35 91
60 56
13 93
4 55
65 37
64 94
35 95
75 65
15 27
94 87
59 10
78 2
19 16
35 31
7 56
53 4
44 90
34 2
87 66
27 33
79 48
84 65
56 18
13 31
59 30
12 24
76 49
99 42
53 83
2 25
51 18
97 5
17 53
46 37
97 63
89 62
59 60
94 60
0 54
12 60
48 30
25 10
58 36
18 72
13 23
51 22
17 64
68 45
11 47
60 63
80 21
19 13
2 38
73 59
22 58
4 74
43 67
75 73
45 58
37 3
62 67
68 8
48 44
84 15
93 47
18 51
43 4
34 46
46 64
41 15
69 15
77 94
99 40
56 24
56 62
72 63
73 47
16 21
45 33
73 7
79 4
51 12
40 8
73 75
47 66
29 11
87 11
88 35
48 75
54 25
65 62
57 1
41 86
95 25
65 11
26 68
29 83
53 88
51 99
59 75
1 36
34 72
30 72
66 11
35 72
47 45
25 99
81 91
94 53
23 11
75 16
71 47
21 27
76 70
84 46
37 89
33 52
51 1
49 58
99 14
76 43
1 94
9 55
88 4
87 54
70 43
33 13
12 5
70 38
59 32
17 31
18 95
90 32
79 50
56 83
91 72
27 45
44 24
8 12
28 53
17 41
86 3
24 86
44 99
65 5
17 28
0 84
56 82
77 55
76 16
89 32
96 29
36 21
51 37
7 29
99 40
88 51
57 14
54 77
39 61
7 45
63 54
51 44
44 10
90 22
63 73
76 73
3 81
78 76
97 99
35 62
31 74
38 19
36 91
45 73
19 62
79 90
91 72
0 18
94 10
54 65
10 11
82 3
8 34
71 64
0 16
67 35
73 32
50 76
74 63
83 32
94 73
59 28
56 33
89 82
42 35
69 99
91 0
38 44
36 70
55 2
50 0
71 41
5 60
94 37
68 67
42 92
86 90
57 12
76 98
4 35
24 32
3 74
42 48
12 8
93 30
7 96
23 82
79 83
67 57
51 4
4 95
60 57
65 72
98 75
61 14
77 11
54 61
40 55
38 7
56 64
31 69
92 49
34 65
7 81
78 84
86 31
28 63
93 8
87 6
36 35
80 83
7 41
98 1
95 98
13 11
92 84
77 35
43 60
33 95
71 65
81 48
49 74
7 11
90 27
32 33
22 80
14 29
71 70
37 89
77 6
69 5
32 22
41 30
26 0
42 82
8 66
81 45
97 66
4 14
58 37
49 96
93 42
37 65
96 20
17 85
31 82
45 71
60 36
90 14
21 78
82 36
62 4
17 70
84 78
6 53
92 54
49 95
89 32
10 89
33 97
45 32
24 58
55 85
82 11
5 94
37 0
52 76
16 14
65 21
29 4
1 4
5 20
33 31
5 43
59 91
31 37
46 8
34 14
61 75
21 39
85 0
14 51
30 80
65 26
22 14
75 69
14 17
45 18
87 34
59 42
83 14
67 79
22 18
81 19
55 49
27 69
36 84
60 18
43 50
91 37
90 35
20 83
18 44
80 99
73 29
39 12
16 65
95 71
27 5
82 8
11 20
4 8
69 49
4 10
27 44
36 74
13 46
79 4
84 40
47 30
34 37
70 44
95 57
53 79
65 14
38 49
13 34
48 7
1 53
59 71
45 64
23 70
24 87
81 35
15 46
32 12
5 18
2 9
83 8
94 89
55 19
28 29
63 82
60 71
49 38
81 97
75 18
69 68
52 0
47 86
43 21
53 89
10 27
85 77
59 89
10 49
58 39
94 74
3 64
57 52
46 27
47 76
18 11
61 70
54 18
63 6
98 82
92 37
86 1
60 85
70 76
6 86
61 77
77 68
38 40
56 99
27 34
98 11
79 39
31 0
36 48
22 15
11 2
84 75
0 72
73 98
7 57
56 65
87 9
53 68
85 43
42 39
55 76
94 53
82 30
52 31
8 59
84 43
52 96
24 42
72 17
11 10
95 20
92 60
4 65
70 68
91 66
58 4
13 50
7 92
74 45
42 76
33 88
75 53
11 91
77 70
59 11
31 15
73 76
12 9
49 17
65 28
20 66
72 48
75 40
29 31
89 78
54 52
67 25
27 51
95 32
48 73
12 96
44 59
73 38
72 68
94 53
19 98
68 84
67 18
70 69
89 41
10 81
86 6
30 4
74 12
81 43
98 25
19 72
95 95
24 34
81 91
11 4
78 65
6 5
77 78
43 49
3 23
39 93
71 13
69 63
72 94
4 38
68 63
99 73
75 38
26 46
9 2
12 89
9 35
59 33
11 29
41 8
69 14
88 14
59 14
3 36
14 74
78 3
77 32
50 2
10 33
82 92
99 97
63 88
89 97
49 19
59 24
75 78
7 19
87 49
7 62
25 1
79 95
62 76
79 32
6 28
1 47
71 58
56 86
20 25
45 6
45 58
63 70
51 96
39 15
52 69
37 13
82 85
59 68
55 9
72 66
56 35
22 83
46 69
19 54
5 54
26 66
74 97
84 60
53 1
93 34
30 37
73 46
31 26
45 12
31 85
11 68
95 5
44 99
3 91
26 73
48 9
53 51
75 39
16 31
24 18
0 7
13 17
64 55
32 71
15 23
96 73
62 45
47 0
63 69
76 30
4 31
88 28
7 53
4 51
63 83
84 53
58 24
54 34
53 81
71 97
25 97
34 23
28 79
17 59
12 33
93 95
78 94
67 63
6 46
58 43
98 4
35 12
37 40
74 99
33 38
82 14
82 32
76 96
39 64
87 71
19 45
58 3
98 54
43 68
99 18
39 89
13 19
48 49
56 46
89 25
91 55
57 48
69 45
86 45
77 96
0 36
86 32
83 86
99 91
44 45
77 51
58 71
8 51
43 92
24 5
24 79
49 21
54 87
82 99
6 81
37 23
57 34
19 84
17 56
88 0
19 37
78 86
4 49
61 69
7 54
37 38
53 37
62 35
66 90
3 73
20 21
43 32
90 86
5 34
49 54
17 79
14 61
89 30
49 45
83 26
65 80
23 48
26 86
51 42
74 55
88 79
11 89
46 86
75 22
62 59
30 87
25 45
33 82
20 48
49 81
46 35
60 6
56 84
58 19
67 22
69 81
12 25
13 80
63 84
58 94
18 67
13 10
93 16
24 20
22 24
6 82
56 80
98 19
61 18
4 64
82 92
5 54
54 25
17 64
98 69
85 93
54 67
25 28
15 37
15 73
26 58
53 29
56 71
40 5
63 59
90 76
84 27
85 42
69 12
3 2
6 84
30 77
72 12
92 89
77 75
34 77
84 67
6 70
55 57
86 46
81 41
45 83
95 6
58 46
88 21
58 34
68 45
66 80
4 65
91 97
58 21
15 71
65 61
50 66
57 0
16 71
53 77
99 81
32 33
61 66
41 14
79 53
46 88
94 1
68 27
99 95
52 4
17 67
21 31
99 47
76 60
56 72
0 65
91 60
97 14
61 94
69 69
77 31
82 67
77 38
19 69
34 49
24 72
58 7
20 95
74 88
32 96
75 19
29 79
19 85
76 74
88 23
71 36
89 7
72 84
1 57
85 91
51 96
23 42
34 76
82 48
7 55
18 65
16 73
50 34
17 66
90 18
69 41
8 29
78 51
9 18
90 18
50 45
60 55
13 87
30 29
38 48
37 59
89 93
76 78
28 44
50 94
23 77
71 88
60 44
25 59
20 23
46 35
30 27
9 19
25 61
49 3
28 80
20 23
44 68
51 2
82 58
46 4
26 26
58 79
78 54
65 14
85 6
91 88
36 42
30 78
2 73
84 30
89 3
31 8
28 14
91 36
52 74
49 88
58 14
29 9
43 10
21 2
29 86
84 61
45 67
35 14
84 62
90 13
33 71
94 3
1 51
92 37
23 53
67 92
32 40
22 12
27 94
4 79
44 97
28 46
91 52
55 71
60 76
69 81
3 22
37 38
36 13
34 54
84 8
23 5
84 94
57 23
17 4
20 25
12 57
13 49
55 6
24 91
80 6
97 63
64 16
78 26
16 58
84 81
57 70
69 93
93 44
2 79
56 85
26 82
34 10
68 65
46 66
1 8
34 63
50 60
32 3
72 52
1 97
19 86
97 77
97 55
67 50
23 18
9 89
31 77
61 94
13 40
27 55
44 78
92 81
57 15
56 11
67 92
65 69
96 54
8 14
99 25
48 94
72 91
71 16
10 75
50 95
50 36
76 53
32 37
24 59
19 82
82 48
88 8
83 84
11 78
30 17
88 71
62 25
63 46
89 64
83 97
48 90
59 58
82 49
78 76
4 3
58 30
72 24
55 82
41 27
81 35
82 85
53 46
95 40
2 0
94 36
26 62
21 49
82 25
72 98
53 45
74 70
82 83
55 55
42 47
19 80
3 66
60 45
44 70
25 21
91 17
72 34
45 33
92 94
27 31
1 97
43 50
56 40
54 24
73 96
35 2
22 77
32 86
90 70
49 43
28 95
67 28
68 68
97 99
41 89
0 33
33 73
28 67
14 74
2 42
11 75
1 1
16 12
28 59
74 31
82 44
87 79
3 19
30 8
82 76
95 3
73 97
71 23
82 45
54 71
16 62
95 77
36 44
81 70
70 69
40 73
28 92
40 15
24 0
1 94
55 34
32 13
79 64
55 24
10 84
33 59
12 75
69 21
82 45
16 35
45 51
71 57
94 9
7 17
26 17
63 67
36 94
67 43
78 22
86 74
28 51
60 18
82 8
87 93
96 52
18 12
55 47
60 41
78 54
70 42
57 75
71 72
38 62
21 3
93 67
0 79
31 47
50 35
96 20
19 54
16 20
39 32
84 90
28 99
0 40
98 0
50 43
10 97
47 14
72 70
32 60
87 70
21 39
30 29
75 43
29 30
93 88
28 9
52 83
10 81
80 99
24 55
18 99
50 93
57 17
91 26
43 90
1 42
18 54
30 21
85 19
72 16
55 35
63 38
67 94
89 79
80 55
78 12
9 39
12 17
64 18
35 56
59 73
70 4
9 79
84 61
40 99
98 94
67 77
73 22
59 18
48 85
63 2
45 50
27 16
95 21
90 43
28 52
13 50
83 63
24 89
70 88
6 61
55 79
6 91
10 82
37 46
7 88
62 18
39 59
39 14
99 7
66 69
32 37
45 41
53 38
57 72
1 58
72 10
54 76
2 3
59 36
20 18
34 89
6 58
74 5
21 53
70 52
27 67
92 33
73 10
65 42
84 95
71 46
46 52
57 91
53 47
58 61
29 66
41 21
53 40
68 3
46 23
42 63
45 88
82 57
80 47
9 2
49 86
17 37
13 88
67 28
75 26
57 4
89 82
9 60
29 38
2 38
47 65
70 61
47 81
10 34
89 76
18 91
21 11
88 79
74 79
85 7
44 44
24 65
69 77
66 41
17 28
46 79
19 89
0 18
13 7
63 59
68 5
67 48
30 85
14 21
43 9
55 52
72 70
34 10
89 76
89 42
79 98
43 4
1 22
79 60
91 76
0 53
94 78
62 3
85 0
80 0
83 67
60 76
83 24
23 33
17 0
34 11
39 30
98 54
40 36
64 3
20 13
13 50
78 27
11 78
49 45
15 41
15 31
87 23
93 5
95 52
4 27
45 5
93 82
84 31
57 20
65 3
38 36
40 29
5 18
23 29
54 22
84 55
98 60
42 66
32 59
18 20
12 48
18 16
90 62
29 11
23 53
33 33
34 79
15 60
58 25
18 48
32 89
89 83
47 27
67 78
62 18
56 97
14 11
69 26
74 60
85 33
60 22
44 6
28 50
41 28
69 56
17 44
40 96
8 62
74 61
81 23
82 14
98 98
8 19
35 10
94 98
79 55
33 21
3 44
9 37
8 58
8 65
79 58
37 8
5 31
11 66
9 84
60 31
72 31
52 30
65 82
0 49
22 39
40 92
94 16
35 31
55 4
11 30
17 33
64 31
46 81
46 62
33 32
10 60
77 81
25 1
72 69
55 47
12 93
65 37
49 19
11 17
18 37
84 80
39 73
92 94
90 42
66 54
74 53
49 93
58 51
72 75
17 25
96 9
39 48
64 19
48 13
31 65
45 60
89 99
80 86
63 88
60 91
61 8
21 15
52 28
85 83
48 32
52 34
64 60
45 77
95 6
88 79
72 66
1 28
71 62
4 90
15 22
5 31
0 69
62 15
80 95
62 48
48 15
13 40
83 58
97 61
75 60
0 22
62 72
14 31
50 19
5 11
92 50
12 84
90 34
9 56
31 51
20 76
15 61
89 45
57 99
81 34
43 97
86 65
76 69
57 14
58 32
26 49
31 43
22 99
61 91
99 29
16 85
80 73
30 79
91 85
87 45
82 66
40 21
14 77
59 40
65 58
72 53
37 27
12 2
7 12
82 83
56 20
38 37
33 38
16 90
96 98
89 18
33 24
79 32
66 82
32 47
8 48
39 90
2 5
7 79
66 9
26 61
96 57
7 24
81 70
6 61
6 19
57 25
42 33
0 67
45 80
40 65
50 94
73 19
75 43
43 49
66 71
30 33
88 57
96 69
36 40
31 52
30 67
14 36
94 56
70 87
51 26
89 24
24 63
73 39
91 88
4 8
52 56
51 18
55 13
54 30
51 7
94 8
31 5
60 55
49 87
54 73
56 68
32 98
49 46
17 1
46 98
72 54
52 48
21 97
96 77
29 35
22 93
84 47
7 4
93 63
50 71
94 57
50 32
23 29
25 72
76 30
3 30
63 11
79 91
80 84
0 31
32 37
52 41
50 65
93 73
77 17
83 91
94 16
17 24
94 5
67 87
29 49
16 11
35 22
39 30
38 13
96 1
91 50
13 69
33 20
77 63
9 38
45 71
85 9
2 18
47 94
22 63
6 19
42 10
59 20
85 33
98 28
4 40
74 0
94 25
90 43
26 73
67 42
91 29
82 79
59 82
64 50
48 30
71 15
88 10
29 72
98 82
32 58
26 45
29 87
38 43
13 55
73 43
93 77
28 26
36 39
70 85
96 26
17 16
30 52
55 87
60 24
51 48
9 76
34 72
48 93
50 74
26 27
64 3
26 0
35 41
75 20
55 28
20 23
35 59
33 26
55 54
50 4
61 65
32 60
63 47
60 1
59 54
34 81
12 64
73 9
67 94
9 51
73 78
26 28
42 33
26 88
37 12
30 56
24 35
6 90
38 1
66 14
50 53
67 96
61 54
94 39
6 58
94 14
17 84
99 26
67 36
60 99
59 30
8 65
76 5
94 63
39 31
91 62
97 51
85 31
24 1
45 98
33 56
99 63
86 13
32 62
12 28
47 36
8 22
52 62
90 47
5 10
23 9
83 21
50 55
55 82
47 48
84 45
45 27
20 0
81 84
97 37
51 86
85 60
83 56
66 56
54 76
5 68
20 21
2 2
28 88
22 42
29 99
9 90
84 72
16 5
45 95
35 86
72 71
53 78
86 24
39 5
50 0
29 71
80 82
32 21
84 78
69 21
42 76
61 64
78 83
77 77
88 29
87 44
55 46
92 69
61 14
91 7
19 62
2 65
25 24
50 89
33 33
52 42
84 34
98 77
64 98
19 1
27 96
79 61
90 75
86 13
72 54
7 58
5 19
82 24
99 6
15 90
91 17
37 67
71 53
3 81
47 72
33 89
42 0
64 88
87 76
45 85
10 16
95 48
51 46
42 36
13 15
78 92
51 82
45 83
6 26
65 1
40 86
84 7
39 49
3 54
19 1
44 11
43 94
28 7
9 39
20 98
78 94
90 0
61 18
1 46
20 5
64 56
34 62
73 38
1 33
56 71
97 44
53 11
49 66
25 45
24 47
40 24
7 88
79 45
65 67
13 38
11 34
86 55
25 74
66 62
58 73
13 11
91 27
24 25
56 76
71 44
28 70
72 71
9 71
3 11
40 13
81 81
34 8
59 2
96 87
72 31
52 93
30 92
97 98
71 11
31 91
16 67
54 54
68 92
7 97
83 58
78 44
14 8
60 55
13 9
64 83
2 37
83 81
57 75
56 41
17 84
10 39
99 26
99 48
80 96
90 51
29 1
0 67
86 11
41 3
18 57
6 94
57 4
30 19
49 79
34 78
9 91
44 60
86 13
53 55
35 42
95 83
55 99
41 91
50 19
71 21
54 21
0 54
57 21
58 52
45 22
78 55
27 1
39 20
93 33
21 31
49 56
17 78
60 71
34 68
80 73
34 38
24 47
39 94
90 77
56 27
22 58
70 34
92 8
82 35
79 77
34 29
19 19
70 71
11 59
52 3
48 37
57 45
85 3
94 9
20 58
52 42
85 66
70 70
47 5
85 26
94 98
1 35
7 95
24 94
13 82
45 42
91 4
41 58
72 33
14 75
47 70
77 49
48 1
46 97
33 64
1 40
73 26
18 24
13 5
10 40
89 14
22 99
18 66
70 59
27 0
52 67
71 3
53 73
40 52
37 18
35 65
30 86
76 71
69 95
84 98
43 20
42 2
17 92
32 8
48 81
23 38
90 34
22 81
44 10
12 27
15 32
38 28
52 87
89 27
45 84
85 82
6 54
42 54
54 70
51 31
76 94
20 90
21 82
92 69
89 48
83 93
75 20
89 26
52 33
7 67
78 57
83 64
24 80
25 16
42 31
84 17
74 48
1 60
41 43
13 62
77 69
10 26
14 60
36 37
68 78
92 33
88 54
77 47
83 75
46 67
53 64
29 12
67 93
67 51
89 51
28 78
21 10
60 33
43 21
5 88
30 49
45 1
34 79
57 30
99 10
28 31
41 35
75 75
18 15
54 83
21 59
51 58
12 82
95 66
93 60
52 19
55 13
13 77
96 91
85 72
33 81
3 52
34 89
13 45
53 44
58 18
80 28
45 19
70 98
92 91
38 2
17 39
54 40
12 40
58 41
51 21
94 89
41 66
99 94
13 86
43 25
63 87
27 72
68 72
26 93
43 82
18 33
63 11
48 84
33 71
30 48
69 80
63 57
90 69
67 58
23 38
46 47
31 76
6 23
16 32
50 86
18 4
66 5
8 29
92 86
60 61
1 41
19 35
38 37
21 45
24 7
35 94
20 23
75 42
53 83
61 60
7 42
58 1
46 5
39 78
11 21
7 30
9 12
10 53
71 49
43 27
0 79
73 94
77 33
32 50
99 9
56 25
74 55
51 93
26 66
53 41
12 45
39 23
80 14
17 57
2 71
58 96
40 21
53 72
69 63
25 74
52 22
85 32
74 33
61 93
81 39
41 21
74 78
64 74
33 93
64 51
11 63
66 13
15 0
46 17
11 92
37 11
10 49
11 15
61 59
7 6
48 6
14 19
25 84
50 91
19 7
66 81
45 50
93 23
26 89
30 74
16 89
17 24
96 18
78 8
40 14
21 28
2 5
74 90
79 82
65 51
88 2
90 5
17 74
3 79
84 68
97 28
25 23
99 45
83 88
51 87
49 54
53 85
15 14
83 17
43 43
51 49
84 29
49 78
64 54
37 47
31 64
29 78
31 26
74 90
92 19
69 76
31 60
20 15
33 44
68 86
59 51
12 82
98 84
88 63
42 65
51 7
11 87
89 17
37 46
2 53
47 54
90 58
98 92
61 33
97 92
89 19
21 97
1 9
57 89
6 98
29 97
51 74
64 63
35 80
77 59
75 76
23 74
58 1
77 23
1 66
24 15
52 28
51 27
96 84
80 53
86 7
29 26
58 6
39 1
65 21
79 36
4 61
55 93
93 86
31 29
27 69
71 74
57 6
31 18
53 76
14 17
97 8
50 91
74 21
17 33
44 37
38 19
18 48
22 8
36 86
66 18
13 22
61 94
34 85
48 8
25 59
71 46
87 81
92 1
6 18
4 21
6 95
99 98
29 26
7 66
59 37
46 89
5 53
37 41
69 2
30 46
88 37
44 83
19 47
5 61
72 59
62 0
95 8
9 17
17 16
14 34
98 10
27 38
1 33
37 74
50 19
10 98
96 31
79 38
84 87
65 23
20 2
15 70
46 67
52 72
29 66
55 84
23 66
81 49
72 87
44 52
19 43
53 52
64 27
30 80
22 67
92 2
50 11
69 67
97 30
63 14
69 38
37 99
89 42
9 45
22 80
9 52
0 83
97 70
31 89
74 53
48 56
23 19
52 13
95 6
28 38
64 72
64 58
43 3
70 32
66 45
63 73
99 77
45 50
43 20
54 31
18 71
0 93
97 0
65 65
98 38
40 55
6 11
24 45
39 60
22 59
50 15
86 92
80 44
79 8
79 57
8 62
55 98
14 67
91 21
2 29
89 15
64 40
53 67
64 29
84 44
29 90
84 36
64 36
59 81
45 95
51 4
98 35
95 72
0 29
61 95
52 88
68 36
89 77
88 44
71 10
23 45
57 5
68 4
71 93
41 65
48 55
57 18
43 56
10 59
2 61
29 6
60 16
34 72
38 93
45 23
20 28
95 17
15 16
20 49
74 84
23 60
8 63
42 96
13 68
93 79
4 58
56 4
34 21
79 64
42 97
3 67
81 93
49 53
85 9
11 71
47 48
73 5
76 59
28 99
0 73
36 71
38 57
81 2
18 99
48 3
36 72
52 18
70 18
97 96
62 20
52 82
61 85
54 72
81 69
22 39
74 13
81 11
57 95
19 33
97 68
71 30
36 62
64 40
23 77
53 36
34 83
72 15
20 73
53 24
28 88
78 69
19 48
11 48
80 76
25 57
87 5
87 69
21 98
22 64
82 26
57 52
30 21
65 74
43 56
54 94
74 12
57 17
25 61
29 67
52 63
97 93
2 26
32 27
9 48
68 47
75 47
9 11
84 7
82 44
24 57
63 15
64 89
11 45
54 7
15 44
1 85
99 71
66 81
37 62
63 94
93 64
74 69
4 32
2 12
13 11
40 25
43 26
41 61
18 29
86 41
51 81
96 40
15 30
43 20
45 13
59 10
64 97
85 4
75 86
72 19
80 71
64 20
92 50
20 69
15 41
82 11
15 81
67 68
54 70
37 17
48 30
35 84
42 73
67 98
42 12
64 99
90 39
45 14
1 14
3 52
19 44
55 88
49 30
50 82
14 41
51 1
6 37
12 65
47 66
13 69
40 96
19 51
56 58
15 48
56 62
29 34
92 64
80 13
45 43
27 95
75 51
45 86
10 55
72 79
61 14
16 34
42 24
84 83
69 66
66 58
57 48
40 78
40 86
15 52
93 69
63 47
26 68
40 20
22 51
57 76
4 51
40 39
27 43
36 78
63 47
8 91
17 12
53 82
51 76
26 26
5 63
97 92
20 91
62 55
4 36
69 5
62 93
70 36
95 92
15 11
28 53
85 6
15 26
58 61
65 26
5 45
89 86
8 40
85 26
24 34
57 17
9 44
90 54
81 79
32 25
17 56
59 73
3 69
6 33
25 49
77 44
11 43
38 98
76 2
84 13
85 4
31 51
86 99
52 73
90 94
25 54
61 78
53 60
67 65
93 89
17 38
59 52
55 60
93 38
74 15
34 14
71 83
68 29
31 69
31 25
75 18
87 24
21 89
76 81
30 47
94 92
90 52
23 80
33 71
17 65
23 11
79 34
61 39
52 96
73 40
95 54
65 74
64 65
97 14
76 15
75 80
55 29
86 17
22 44
98 8
5 17
89 20
83 78
99 90
85 72
55 63
91 4
31 60
64 96
83 23
76 85
1 29
64 27
83 25
45 79
14 49
15 10
47 71
83 34
13 7
75 0
52 89
27 79
55 0
33 68
61 72
27 56
36 31
51 50
32 5
96 23
24 22
31 63
8 28
74 33
82 48
5 50
56 58
3 90
13 86
31 25
1 50
0 34
71 19
27 60
92 25
54 16
75 82
92 1
48 6
90 6
74 4
82 5
76 24
29 21
43 23
12 15
98 8
94 35
15 11
71 60
24 40
4 70
49 37
58 1
2 31
61 54
89 92
36 96
84 91
39 32
61 93
26 54
96 33
22 25
80 72
3 82
74 85
55 34
77 33
39 60
5 45
8 24
94 24
72 2
73 46
83 60
11 70
66 60
41 62
91 84
71 88
8 19
47 87
21 78
44 6
71 4
24 53
5 86
33 79
83 68
24 66
77 33
85 11
80 70
78 54
10 12
81 19
85 90
14 78
35 18
84 39
6 27
80 65
20 36
16 65
31 85
9 27
98 17
92 6
72 25
82 63
33 66
30 62
95 80
50 75
57 79
73 6
65 33
91 31
56 53
67 86
6 11
10 7
80 82
5 60
98 96
65 1
20 25
19 79
0 34
7 60
54 37
25 14
82 85
93 46
76 95
82 94
28 91
4 99
11 33
26 53
99 86
62 42
6 59
83 34
97 72
72 71
96 62
94 90
35 41
4 66
91 58
15 0
83 36
51 42
34 16
55 55
96 31
83 37
65 69
39 54
5 53
95 62
15 13
45 38
1 87
81 12
14 14
90 46
95 24
85 20
97 44
37 49
66 13
29 51
64 76
93 56
65 88
49 14
40 99
53 52
30 83
91 1
65 92
93 41
89 18
55 93
5 0
16 67
37 34
9 53
89 82
54 24
50 89
36 69
10 66
51 87
47 85
26 2
97 81
80 15
21 98
75 96
44 58
38 20
73 51
59 14
38 68
18 32
83 97
87 4
61 78
56 72
10 87
77 19
85 69
28 68
63 94
40 6
57 92
87 44
53 18
69 65
63 46
37 14
67 90
59 84
42 70
96 30
66 62
83 73
97 80
1 36
36 72
96 66
30 15
25 70
42 6
51 37
41 87
70 66
65 35
52 88
9 95
79 57
49 22
42 39
4 11
53 91
46 48
20 59
74 3
9 23
7 87
64 77
6 2
34 60
5 9
1 24
37 52
36 81
82 84
23 61
41 87
44 72
96 67
96 43
63 0
25 82
94 50
80 15
30 97
12 47
7 83
37 12
12 60
17 84
25 24
68 99
8 64
36 54
31 50
73 56
21 65
23 87
14 90
58 39
23 12
27 0
23 45
47 61
52 87
89 24
21 42
40 10
58 18
83 9
2 85
2 97
77 57
51 23
63 23
70 31
19 86
88 82
41 71
71 41
30 23
12 43
30 37
49 41
13 88
64 24
54 16
32 24
27 18
1 73
1 95
70 0
1 9
14 59
20 58
7 22
38 82
5 5
74 42
1 20
28 12
69 14
69 35
80 3
15 34
73 64
85 68
66 52
32 43
24 96
65 27
13 19
45 42
81 65
18 25
94 17
58 41
64 22
51 58
85 29
69 82
77 84
1 6
18 49
26 60
48 33
32 34
85 74
61 55
6 85
10 75
11 92
72 93
35 51
50 5
62 49
25 85
61 97
72 46
2 49
64 9
94 66
54 58
61 22
30 45
52 61
66 85
80 6
36 93
47 94
25 24
44 56
1 80
27 6
31 20
33 81
97 9
3 29
77 21
94 87
45 59
77 82
24 81
68 5
9 65
37 97
63 2
99 29
42 3
64 85
68 36
57 88
1 7
73 55
72 52
62 45
91 25
43 68
16 56
82 9
79 43
78 22
60 41
0 60
67 91
47 65
69 57
57 73
0 72
92 94
35 12
78 84
74 11
99 2
79 5
11 13
99 26
47 1
10 18
55 72
77 92
76 81
50 70
17 24
11 96
13 1
3 16
6 90
15 58
72 11
69 55
61 32
48 43
63 94
31 4
56 80
98 30
12 80
84 61
16 94
88 21
42 10
4 68
11 8
6 65
5 88
18 58
48 42
46 86
50 25
45 14
88 37
49 57
98 66
94 20
31 64
87 43
99 91
85 3
27 38
2 50
44 65
73 86
31 39
11 28
36 59
69 56
25 73
32 64
38 91
61 43
59 94
20 42
3 6
71 88
93 10
5 50
99 68
68 12
14 92
9 39
69 28
50 76
38 38
63 6
38 98
5 13
25 61
58 23
73 31
50 24
47 65
79 58
32 46
15 53
23 36
79 58
33 73
59 36
43 53
39 92
27 68
0 21
51 65
54 62
46 47
27 68
47 19
91 6
91 90
45 80
3 30
22 13
37 49
32 91
18 15
73 34
68 85
77 31
98 98
26 88
45 67
28 23
14 70
53 78
53 88
64 29
43 91
42 81
52 49
61 43
61 71
25 39
82 25
97 94
69 40
71 75
45 70
80 82
40 83
34 88
3 24
39 81
51 18
16 92
48 9
88 99
27 40
54 17
64 63
31 86
51 6
76 13
37 86
71 12
17 0
48 77
33 43
3 32
63 52
55 69
17 12
38 84
19 20
73 44
26 31
38 29
18 52
52 90
0 72
96 57
17 38
77 85
76 25
28 97
73 57
50 66
67 24
53 37
87 40
1 37
18 82
87 27
58 42
38 1
96 51
2 37
39 11
37 23
16 17
16 28
80 10
21 85
1 45
57 89
89 33
79 65
8 49
40 26
45 74
30 27
1 88
92 98
78 62
99 51
46 29
78 19
45 13
19 86
4 70
13 14
20 60
99 26
55 70
10 8
35 60
99 43
53 76
63 89
77 16
56 1
96 71
71 83
7 16
40 50
81 90
12 55
72 99
99 36
53 0
11 68
89 54
92 16
22 53
17 9
45 63
41 8
55 61
54 47
6 89
10 55
5 62
14 26
40 87
57 88
55 13
68 19
34 36
67 20
94 70
44 23
13 12
43 31
31 91
44 82
45 95
76 86
84 54
57 38
2 56
6 44
39 89
76 78
51 16
62 61
5 48
69 55
45 14
56 59
83 51
41 85
93 63
20 13
12 16
23 34
34 95
24 74
16 91
41 36
77 26
16 57
77 69
13 36
27 52
43 72
15 77
19 1
16 74
63 99
63 67
55 43
63 1
86 77
14 35
98 64
30 21
51 38
16 76
36 18
75 31
19 58
71 70
37 10
41 78
70 16
45 81
69 71
15 68
61 11
46 89
71 39
89 69
12 57
87 20
83 39
54 51
11 11
60 55
65 69
3 48
16 24
52 80
43 7
95 17
94 2
51 72
77 30
56 21
28 72
97 32
66 71
29 43
96 82
87 20
47 99
11 68
69 86
47 60
16 84
25 83
53 3
69 53
44 9
8 92
99 74
15 7
29 93
22 76
95 28
93 62
86 64
72 85
13 71
4 27
9 62
79 11
51 83
14 2
64 52
53 90
61 49
33 40
46 39
69 3
98 2
33 53
76 2
24 21
97 45
61 62
12 65
52 30
95 99
67 49
55 19
48 8
5 54
41 94
59 40
97 62
92 57
26 35
23 73
99 18
59 92
30 42
34 13
5 48
86 16
45 25
93 25
36 37
73 92
77 94
36 15
76 11
43 8
57 79
6 53
28 58
49 35
73 37
10 16
80 67
92 11
87 62
80 70
6 94
48 29
59 29
64 8
83 93
56 38
95 86
16 86
41 81
70 47
67 88
4 35
81 50
17 43
31 14
62 26
38 4
98 32
27 38
29 82
55 12
46 67
2 16
80 83
42 11
34 54
14 2
62 96
96 40
80 20
63 54
92 49
33 33
52 59
50 94
40 71
26 71
20 42
30 45
95 93
9 97
64 59
55 12
61 81
34 73
52 68
89 15
89 78
84 97
93 87
97 20
19 92
77 53
13 4
18 90
79 60
37 69
33 7
76 18
40 48
21 26
53 55
21 64
53 57
13 14
67 42
99 33
5 44
17 83
9 88
82 10
92 92
59 12
10 50
40 29
39 34
40 78
7 31
13 42
12 58
15 97
45 66
3 72
96 57
27 33
70 1
40 13
57 88
0 72
69 18
54 55
61 32
26 44
38 7
72 62
93 43
10 43
18 79
10 89
49 45
16 95
44 46
29 35
54 20
79 2
55 72
36 74
51 45
12 78
50 13
78 37
70 1
67 1
36 27
83 4
71 72
71 55
73 6
3 52
94 76
64 87
37 86
9 92
11 35
9 17
65 46
23 5
82 75
4 30
79 71
37 34
90 36
6 50
59 45
55 43
90 65
89 0
14 56
61 97
99 53
30 33
66 70
36 9
31 15
85 94
26 90
19 67
61 95
39 6
54 57
64 50
54 61
97 48
48 21
26 38
44 23
66 85
43 80
57 4
75 32
45 8
36 26
41 28
59 56
41 23
30 49
57 88
89 37
48 78
41 57
72 30
26 36
36 68
39 24
23 50
41 9
85 64
59 27
39 8
73 74
90 37
51 35
40 0
16 90
40 17
69 47
53 51
20 40
57 8
94 77
43 95
13 95
26 93
3 68
53 15
15 23
21 91
76 31
45 9
28 47
40 18
21 17
95 73
63 70
27 45
16 65
71 2
58 57
39 15
13 37
95 2
27 7
92 55
44 12
42 73
12 72
94 6
42 95
35 42
84 60
74 13
45 32
16 42
21 57
77 43
91 32
71 99
1 48
67 3
37 35
61 86
7 66
19 95
73 56
99 84
84 89
30 36
51 87
98 17
41 64
43 54
63 27
8 24
39 0
34 45
87 21
95 20
59 60
94 7
75 80
49 58
42 94
6 60
10 6
48 18
40 43
70 88
97 16
31 9
65 24
44 45
84 11
29 45
23 80
17 81
13 24
31 87
64 96
85 18
93 0
33 76
85 21
19 71
83 97
26 45
64 85
82 12
8 1
47 0
94 65
40 51
90 69
39 65
64 22
25 69
87 62
44 32
87 91
40 35
84 60
17 83
64 33
62 56
14 86
97 87
28 33
2 16
48 27
23 72
25 68
64 21
6 28
32 1
68 74
61 90
6 35
92 37
57 64
26 9
84 25
36 33
87 27
90 27
41 77
44 12
14 82
14 18
77 93
24 30
27 93
42 82
16 97
25 68
59 56
7 27
4 44
5 28
32 19
65 8
94 48
40 26
36 73
14 50
37 89
16 78
21 41
34 99
91 17
70 68
67 58
10 25
61 22
41 9
1 94
64 33
34 4
42 79
8 12
5 25
97 65
90 15
12 51
72 2
28 54
97 87
40 1
31 55
72 38
95 70
47 56
0 17
83 11
31 29
9 56
96 18
32 70
12 54
46 39
70 65
31 15
58 13
43 52
32 16
63 28
58 43
23 94
54 10
69 19
60 92
16 12
32 7
87 11
8 51
25 21
13 90
52 82
43 14
35 62
26 3
53 87
17 86
45 11
59 77
57 87
17 15
13 41
12 30
65 56
58 7
77 57
59 60
56 33
10 5
49 0
76 83
16 30
6 64
11 74
60 29
75 66
1 17
28 97
15 80
11 66
50 56
12 95
80 95
22 23
22 22
64 63
16 71
12 56
70 68
65 35
79 90
90 61
61 22
23 4
50 1
47 23
61 49
97 70
24 8
15 30
27 66
36 23
54 34
83 26
74 38
97 85
8 12
58 61
95 56
40 28
95 67
56 4
60 0
3 49
37 65
3 21
86 84
79 52
31 44
91 26
37 84
23 47
52 11
72 52
91 81
26 57
5 13
30 76
16 54
84 14
4 68
32 37
42 50
80 3
33 40
0 37
28 75
47 91
9 11
13 16
66 29
80 69
61 9
47 0
11 62
25 88
30 21
90 34
53 87
73 55
76 95
45 23
52 13
35 30
5 74
90 43
70 5
10 59
17 49
99 46
71 92
71 38
82 45
47 51
19 76
61 7
55 25
31 23
22 30
61 59
74 49
42 32
71 70
22 91
84 28
16 36
97 9
63 13
79 93
69 6
18 54
23 68
90 13
64 96
11 29
46 41
53 21
81 14
10 86
61 67
80 97
84 37
86 22
91 44
24 72
49 44
61 32
43 34
51 90
6 76
85 90
43 69
47 68
45 38
63 31
43 74
93 40
99 30
17 77
80 99
73 9
44 62
1 20
29 23
11 58
22 69
3 89
19 1
58 87
44 8
9 28
49 71
82 76
23 34
33 69
72 39
42 1
37 69
50 43
20 86
89 92
37 22
28 19
66 75
63 30
84 70
53 64
82 44
22 25
79 86
31 96
55 11
7 59
95 37
40 27
29 23
87 49
52 2
3 75
96 91
53 1
62 21
47 3
92 14
18 16
40 8
60 71
24 10
16 4
37 86
81 32
88 71
73 69
97 18
57 50
9 36
51 10
28 34
78 29
31 11
46 34
69 39
61 58
92 49
53 18
44 60
23 37
39 81
8 72
74 2
46 42
96 51
26 12
68 36
76 50
70 15
46 9
85 52
69 86
75 14
54 67
75 94
43 50
95 25
68 4
29 2
2 13
49 98
23 88
94 86
62 10
6 33
46 9
26 94
81 90
62 9
11 10
6 2
43 94
73 71
25 90
16 76
17 24
75 69
19 98
22 42
96 46
29 14
90 32
61 35
14 7
0 44
29 0
27 25
37 23
53 24
29 40
62 28
78 24
12 55
58 67
27 37
24 20
24 19
62 98
61 45
55 2
71 42
43 71
77 18
95 23
60 12
80 16
73 12
67 61
98 63
98 47
11 40
5 35
94 81
97 13
50 54
18 33
69 66
9 29
39 25
90 25
79 39
56 96
33 19
90 11
44 9
21 8
3 25
49 8
44 33
48 95
0 9
24 57
32 81
52 17
60 43
93 13
46 41
15 54
17 35
28 41
55 88
88 18
13 17
6 11
2 58
42 68